# Spherical Bessel functions via up and down recursion
0.100000  9.983342e-01  0.000000e+00 3.330001e-02  0.000000e+00 6.661906e-04  6.661906e-04 9.518520e-06  9.518521e-06
0.200000  9.933467e-01  0.000000e+00 6.640038e-02  0.000000e+00 2.659056e-03  2.659056e-03 7.602132e-05  7.602132e-05
0.300000  9.850674e-01  0.000000e+00 9.910289e-02  0.000000e+00 5.961525e-03  5.961525e-03 2.558598e-04  2.558598e-04
0.400000  9.735459e-01  0.000000e+00 1.312122e-01  0.000000e+00 1.054530e-02  1.054530e-02 6.041255e-04  6.041255e-04
0.500000  9.588511e-01  0.000000e+00 1.625370e-01  0.000000e+00 1.637111e-02  1.637111e-02 1.174035e-03  1.174035e-03
0.600000  9.410708e-01  0.000000e+00 1.928920e-01  0.000000e+00 2.338900e-02  2.338900e-02 2.016335e-03  2.016335e-03
0.700000  9.203110e-01  0.000000e+00 2.220983e-01  0.000000e+00 3.153878e-02  3.153878e-02 3.178725e-03  3.178725e-03
0.800000  8.966951e-01  0.000000e+00 2.499855e-01  0.000000e+00 4.075053e-02  4.075053e-02 4.705316e-03  4.705316e-03
0.900000  8.703632e-01  0.000000e+00 2.763925e-01  0.000000e+00 5.094515e-02  5.094515e-02 6.636121e-03  6.636121e-03
1.000000  8.414710e-01  0.000000e+00 3.011687e-01  0.000000e+00 6.203505e-02  6.203505e-02 9.006581e-03  9.006581e-03
1.100000  8.101885e-01  0.000000e+00 3.241749e-01  0.000000e+00 7.392485e-02  7.392485e-02 1.184714e-02  1.184714e-02
1.200000  7.766992e-01  0.000000e+00 3.452846e-01  0.000000e+00 8.651219e-02  8.651219e-02 1.518287e-02  1.518287e-02
1.300000  7.411986e-01  0.000000e+00 3.643844e-01  0.000000e+00 9.968857e-02  9.968857e-02 1.903314e-02  1.903314e-02
1.400000  7.038927e-01  0.000000e+00 3.813754e-01  0.000000e+00 1.133403e-01  1.133403e-01 2.341133e-02  2.341133e-02
1.500000  6.649967e-01  0.000000e+00 3.961730e-01  0.000000e+00 1.273493e-01  1.273493e-01 2.832464e-02  2.832464e-02
1.600000  6.247335e-01  0.000000e+00 4.087081e-01  0.000000e+00 1.415943e-01  1.415943e-01 3.377392e-02  3.377392e-02
1.700000  5.833322e-01  0.000000e+00 4.189275e-01  0.000000e+00 1.559516e-01  1.559516e-01 3.975359e-02  3.975359e-02
1.800000  5.410265e-01  0.000000e+00 4.267936e-01  0.000000e+00 1.702963e-01  1.702963e-01 4.625157e-02  4.625157e-02
1.900000  4.980527e-01  0.000000e+00 4.322854e-01  0.000000e+00 1.845032e-01  1.845032e-01 5.324936e-02  5.324936e-02
2.000000  4.546487e-01  0.000000e+00 4.353978e-01  0.000000e+00 1.984479e-01  1.984479e-01 6.072210e-02  6.072210e-02
2.100000  4.110521e-01  0.000000e+00 4.361420e-01  0.000000e+00 2.120079e-01  2.120079e-01 6.863875e-02  6.863875e-02
2.200000  3.674984e-01  0.000000e+00 4.345452e-01  0.000000e+00 2.250633e-01  2.250633e-01 7.696227e-02  7.696227e-02
2.300000  3.242197e-01  0.000000e+00 4.306503e-01  0.000000e+00 2.374981e-01  2.374981e-01 8.564996e-02  8.564996e-02
2.400000  2.814430e-01  0.000000e+00 4.245153e-01  0.000000e+00 2.492011e-01  2.492011e-01 9.465372e-02  9.465372e-02
2.500000  2.393889e-01  0.000000e+00 4.162130e-01  0.000000e+00 2.600667e-01  2.600667e-01 1.039205e-01  1.039205e-01
2.600000  1.982698e-01  0.000000e+00 4.058302e-01  0.000000e+00 2.699959e-01  2.699959e-01 1.133926e-01  1.133926e-01
2.700000  1.582888e-01  0.000000e+00 3.934670e-01  0.000000e+00 2.788967e-01  2.788967e-01 1.230084e-01  1.230084e-01
2.800000  1.196386e-01  0.000000e+00 3.792361e-01  0.000000e+00 2.866857e-01  2.866857e-01 1.327027e-01  1.327027e-01
2.900000  8.249977e-02  0.000000e+00 3.632614e-01  0.000000e+00 2.932878e-01  2.932878e-01 1.424073e-01  1.424073e-01
3.000000  4.704000e-02  0.000000e+00 3.456775e-01  0.000000e+00 2.986375e-01  2.986375e-01 1.520517e-01  1.520517e-01
3.100000  1.341312e-02  0.000000e+00 3.266285e-01  0.000000e+00 3.026790e-01  3.026790e-01 1.615634e-01  1.615634e-01
3.200000 -1.824192e-02  0.000000e+00 3.062665e-01  0.000000e+00 3.053668e-01  3.053668e-01 1.708691e-01  1.708691e-01
3.300000 -4.780173e-02  0.000000e+00 2.847509e-01  0.000000e+00 3.066662e-01  3.066662e-01 1.798948e-01  1.798948e-01
3.400000 -7.515915e-02  0.000000e+00 2.622468e-01  0.000000e+00 3.065534e-01  3.065534e-01 1.885670e-01  1.885670e-01
3.500000 -1.002238e-01  0.000000e+00 2.389237e-01  0.000000e+00 3.050155e-01  3.050155e-01 1.968128e-01  1.968128e-01
3.600000 -1.229223e-01  0.000000e+00 2.149545e-01  0.000000e+00 3.020511e-01  3.020511e-01 2.045609e-01  2.045609e-01
3.700000 -1.431990e-01  0.000000e+00 1.905138e-01  0.000000e+00 2.976696e-01  2.976696e-01 2.117424e-01  2.117424e-01
3.800000 -1.610152e-01  0.000000e+00 1.657770e-01  0.000000e+00 2.918918e-01  2.918918e-01 2.182912e-01  2.182912e-01
3.900000 -1.763503e-01  0.000000e+00 1.409185e-01  0.000000e+00 2.847491e-01  2.847491e-01 2.241445e-01  2.241445e-01
4.000000 -1.892006e-01  0.000000e+00 1.161107e-01  0.000000e+00 2.762837e-01  2.762837e-01 2.292439e-01  2.292439e-01
4.100000 -1.995798e-01  0.000000e+00 9.152297e-02  0.000000e+00 2.665478e-01  2.665478e-01 2.335353e-01  2.335353e-01
4.200000 -2.075180e-01  0.000000e+00 6.731971e-02  0.000000e+00 2.556035e-01  2.556035e-01 2.369702e-01  2.369702e-01
4.300000 -2.130618e-01  0.000000e+00 4.365984e-02  0.000000e+00 2.435222e-01  2.435222e-01 2.395055e-01  2.395055e-01
4.400000 -2.162732e-01  0.000000e+00 2.069538e-02  0.000000e+00 2.303837e-01  2.303837e-01 2.411043e-01  2.411043e-01
4.500000 -2.172289e-01  0.000000e+00-1.429581e-03  0.000000e+00 2.162759e-01  2.162759e-01 2.417361e-01  2.417361e-01
4.600000 -2.160198e-01  0.000000e+00-2.257984e-02  0.000000e+00 2.012938e-01  2.012938e-01 2.413774e-01  2.413774e-01
4.700000 -2.127496e-01  0.000000e+00-4.262999e-02  0.000000e+00 1.855390e-01  1.855390e-01 2.400119e-01  2.400119e-01
4.800000 -2.075343e-01  0.000000e+00-6.146527e-02  0.000000e+00 1.691185e-01  1.691185e-01 2.376304e-01  2.376304e-01
4.900000 -2.005005e-01  0.000000e+00-7.898223e-02  0.000000e+00 1.521441e-01  1.521441e-01 2.342313e-01  2.342313e-01
5.000000 -1.917849e-01  0.000000e+00-9.508941e-02  0.000000e+00 1.347312e-01  1.347312e-01 2.298206e-01  2.298206e-01
5.100000 -1.815323e-01  0.000000e+00-1.097078e-01  0.000000e+00 1.169983e-01  1.169983e-01 2.244120e-01  2.244120e-01
5.200000 -1.698951e-01  0.000000e+00-1.227715e-01  0.000000e+00 9.906541e-02  9.906541e-02 2.180267e-01  2.180267e-01
5.300000 -1.570316e-01  0.000000e+00-1.342275e-01  0.000000e+00 8.105374e-02  8.105374e-02 2.106933e-01  2.106933e-01
5.400000 -1.431045e-01  0.000000e+00-1.440366e-01  0.000000e+00 6.308422e-02  6.308422e-02 2.024479e-01  2.024479e-01
5.500000 -1.282801e-01  0.000000e+00-1.521727e-01  0.000000e+00 4.527677e-02  4.527677e-02 1.933334e-01  1.933334e-01
5.600000 -1.127262e-01  0.000000e+00-1.586236e-01  0.000000e+00 2.774927e-02  2.774927e-02 1.833997e-01  1.833997e-01
5.700000 -9.661150e-02  0.000000e+00-1.633902e-01  0.000000e+00 1.061664e-02  1.061664e-02 1.727031e-01  1.727031e-01
5.800000 -8.010382e-02  0.000000e+00-1.664868e-01  0.000000e+00-6.010029e-03 -6.010029e-03 1.613057e-01  1.613057e-01
5.900000 -6.336893e-02  0.000000e+00-1.679402e-01  0.000000e+00-2.202441e-02 -2.202441e-02 1.492755e-01  1.492755e-01
6.000000 -4.656925e-02  0.000000e+00-1.677899e-01  0.000000e+00-3.732571e-02 -3.732571e-02 1.366852e-01  1.366852e-01
6.100000 -2.986271e-02  0.000000e+00-1.660871e-01  0.000000e+00-5.181946e-02 -5.181946e-02 1.236121e-01  1.236121e-01
6.200000 -1.340152e-02  0.000000e+00-1.628941e-01  0.000000e+00-6.541822e-02 -6.541822e-02 1.101375e-01  1.101375e-01
6.300000  2.668873e-03  0.000000e+00-1.582841e-01  0.000000e+00-7.804225e-02 -7.804225e-02 9.634580e-02  9.634580e-02
6.400000  1.821081e-02  0.000000e+00-1.523397e-01  0.000000e+00-8.962005e-02 -8.962005e-02 8.232404e-02  8.232404e-02
6.500000  3.309538e-02  0.000000e+00-1.451527e-01  0.000000e+00-1.000889e-01 -1.000889e-01 6.816118e-02  6.816118e-02
6.600000  4.720324e-02  0.000000e+00-1.368226e-01  0.000000e+00-1.093953e-01 -1.093953e-01 5.394737e-02  5.394737e-02
6.700000  6.042536e-02  0.000000e+00-1.274564e-01  0.000000e+00-1.174954e-01 -1.174954e-01 3.977326e-02  3.977326e-02
6.800000  7.266373e-02  0.000000e+00-1.171667e-01  0.000000e+00-1.243549e-01 -1.243549e-01 2.572928e-02  2.572928e-02
6.900000  8.383185e-02  0.000000e+00-1.060715e-01  0.000000e+00-1.299499e-01 -1.299499e-01 1.190490e-02  1.190490e-02
7.000000  9.385523e-02  0.000000e+00-9.429243e-02  0.000000e+00-1.342663e-01 -1.342663e-01-1.612047e-03 -1.612047e-03
7.100000  1.026717e-01  0.000000e+00-8.195422e-02  0.000000e+00-1.373002e-01 -1.373002e-01-1.473609e-02 -1.473609e-02
7.200000  1.102316e-01  0.000000e+00-6.918329e-02  0.000000e+00-1.390580e-01 -1.390580e-01-2.738478e-02 -2.738478e-02
7.300000  1.164982e-01  0.000000e+00-5.610676e-02  0.000000e+00-1.395557e-01 -1.395557e-01-3.947936e-02 -3.947936e-02
7.400000  1.214470e-01  0.000000e+00-4.285139e-02  0.000000e+00-1.388192e-01 -1.388192e-01-5.094538e-02 -5.094538e-02
7.500000  1.250667e-01  0.000000e+00-2.954249e-02  0.000000e+00-1.368837e-01 -1.368837e-01-6.171329e-02 -6.171329e-02
7.600000  1.273579e-01  0.000000e+00-1.630289e-02  0.000000e+00-1.337932e-01 -1.337932e-01-7.171895e-02 -7.171895e-02
7.700000  1.283335e-01  0.000000e+00-3.251990e-03  0.000000e+00-1.296005e-01 -1.296005e-01-8.090421e-02 -8.090421e-02
7.800000  1.280184e-01  0.000000e+00 9.495251e-03  0.000000e+00-1.243664e-01 -1.243664e-01-8.921728e-02 -8.921728e-02
7.900000  1.264483e-01  0.000000e+00 2.182916e-02  0.000000e+00-1.181587e-01 -1.181587e-01-9.661316e-02 -9.661316e-02
8.000000  1.236698e-01  0.000000e+00 3.364623e-02  0.000000e+00-1.110524e-01 -1.110524e-01-1.030540e-01 -1.030540e-01
8.100000  1.197395e-01  0.000000e+00 4.484983e-02  0.000000e+00-1.031284e-01 -1.031284e-01-1.085094e-01 -1.085094e-01
8.200000  1.147232e-01  0.000000e+00 5.535099e-02  0.000000e+00-9.447288e-02 -9.447288e-02-1.129564e-01 -1.129564e-01
8.300000  1.086954e-01  0.000000e+00 6.506895e-02  0.000000e+00-8.517651e-02 -8.517651e-02-1.163801e-01 -1.163801e-01
8.400000  1.017380e-01  0.000000e+00 7.393174e-02  0.000000e+00-7.533377e-02 -7.533377e-02-1.187733e-01 -1.187733e-01
8.500000  9.393966e-02  0.000000e+00 8.187665e-02  0.000000e+00-6.504202e-02 -6.504202e-02-1.201367e-01 -1.201367e-01
8.600000  8.539501e-02  0.000000e+00 8.885059e-02  0.000000e+00-5.440062e-02 -5.440062e-02-1.204789e-01 -1.204789e-01
8.700000  7.620336e-02  0.000000e+00 9.481035e-02  0.000000e+00-4.351014e-02 -4.351014e-02-1.198162e-01 -1.198162e-01
8.800000  6.646786e-02  0.000000e+00 9.972283e-02  0.000000e+00-3.247144e-02 -3.247144e-02-1.181725e-01 -1.181725e-01
8.900000  5.629448e-02  0.000000e+00 1.035651e-01  0.000000e+00-2.138488e-02 -2.138488e-02-1.155791e-01 -1.155791e-01
9.000000  4.579094e-02  0.000000e+00 1.063246e-01  0.000000e+00-1.034942e-02 -1.034942e-02-1.120743e-01 -1.120743e-01
9.100000  3.506575e-02  0.000000e+00 1.079986e-01  0.000000e+00 5.381834e-04  5.381834e-04-1.077029e-01 -1.077029e-01
9.200000  2.422716e-02  0.000000e+00 1.085947e-01  0.000000e+00 1.118413e-02  1.118413e-02-1.025163e-01 -1.025163e-01
9.300000  1.338220e-02  0.000000e+00 1.081298e-01  0.000000e+00 2.149840e-02  2.149840e-02-9.657156e-02 -9.657156e-02
9.400000  2.635684e-03  0.000000e+00 1.066307e-01  0.000000e+00 3.139540e-02  3.139540e-02-8.993104e-02 -8.993104e-02
9.500000 -7.910644e-03  0.000000e+00 1.041328e-01  0.000000e+00 4.079468e-02  4.079468e-02-8.266190e-02 -8.266190e-02
9.600000 -1.815904e-02  0.000000e+00 1.006801e-01  0.000000e+00 4.962157e-02  4.962157e-02-7.483552e-02 -7.483552e-02
9.700000 -2.801656e-02  0.000000e+00 9.632457e-02  0.000000e+00 5.780766e-02  5.780766e-02-6.652680e-02 -6.652680e-02
9.800000 -3.739583e-02  0.000000e+00 9.112556e-02  0.000000e+00 6.529141e-02  6.529141e-02-5.781361e-02 -5.781361e-02
9.900000 -4.621575e-02  0.000000e+00 8.514903e-02  0.000000e+00 7.201848e-02  7.201848e-02-4.877606e-02 -4.877606e-02
10.000000 -5.440211e-02  0.000000e+00 7.846694e-02  0.000000e+00 7.794219e-02  7.794219e-02-3.949584e-02 -3.949584e-02
10.100000 -6.188818e-02  0.000000e+00 7.115644e-02  0.000000e+00 8.302376e-02  8.302376e-02-3.005557e-02 -3.005557e-02
10.200000 -6.861517e-02  0.000000e+00 6.329907e-02  0.000000e+00 8.723254e-02  8.723254e-02-2.053802e-02 -2.053802e-02
10.300000 -7.453260e-02  0.000000e+00 5.497998e-02  0.000000e+00 9.054619e-02  9.054619e-02-1.102552e-02 -1.102552e-02
10.400000 -7.959870e-02  0.000000e+00 4.628707e-02  0.000000e+00 9.295074e-02  9.295074e-02-1.599218e-03 -1.599218e-03
10.500000 -8.378055e-02  0.000000e+00 3.731013e-02  0.000000e+00 9.444059e-02  9.444059e-02 7.661576e-03  7.661576e-03
10.600000 -8.705429e-02  0.000000e+00 2.813999e-02  0.000000e+00 9.501843e-02  9.501843e-02 1.668002e-02  1.668002e-02
10.700000 -8.940514e-02  0.000000e+00 1.886768e-02  0.000000e+00 9.469514e-02  9.469514e-02 2.538239e-02  2.538239e-02
10.800000 -9.082743e-02  0.000000e+00 9.583563e-03  0.000000e+00 9.348953e-02  9.348953e-02 3.369863e-02  3.369863e-02
10.900000 -9.132443e-02  0.000000e+00 3.765527e-04  0.000000e+00 9.142807e-02  9.142807e-02 4.156293e-02  4.156293e-02
11.000000 -9.090820e-02  0.000000e+00-8.666718e-03  0.000000e+00 8.854455e-02  8.854455e-02 4.891424e-02  4.891424e-02
11.100000 -8.959933e-02  0.000000e+00-1.746264e-02  0.000000e+00 8.487970e-02  8.487970e-02 5.569674e-02  5.569674e-02
11.200000 -8.742658e-02  0.000000e+00-2.593138e-02  0.000000e+00 8.048068e-02  8.048068e-02 6.186025e-02  6.186025e-02
11.300000 -8.442648e-02  0.000000e+00-3.399751e-02  0.000000e+00 7.540060e-02  7.540060e-02 6.736060e-02  6.736060e-02
11.400000 -8.064285e-02  0.000000e+00-4.159068e-02  0.000000e+00 6.969794e-02  6.969794e-02 7.215995e-02  7.215995e-02
11.500000 -7.612628e-02  0.000000e+00-4.864618e-02  0.000000e+00 6.343597e-02  6.343597e-02 7.622703e-02  7.622703e-02
11.600000 -7.093350e-02  0.000000e+00-5.510544e-02  0.000000e+00 5.668209e-02  5.668209e-02 7.953738e-02  7.953738e-02
11.700000 -6.512680e-02  0.000000e+00-6.091651e-02  0.000000e+00 4.950718e-02  4.950718e-02 8.207342e-02  8.207342e-02
11.800000 -5.877331e-02  0.000000e+00-6.603439e-02  0.000000e+00 4.198491e-02  4.198491e-02 8.382460e-02  8.382460e-02
11.900000 -5.194430e-02  0.000000e+00-7.042139e-02  0.000000e+00 3.419100e-02  3.419100e-02 8.478736e-02  8.478736e-02
12.000000 -4.471441e-02  0.000000e+00-7.404736e-02  0.000000e+00 2.620257e-02  2.620257e-02 8.496510e-02  8.496510e-02
