# Integrating ((x-x^2)^4)/(1+x^2) dx from 0 to 1
# exact result              = 0.001264489267349678
#
# result from gsl routine   = 0.001264489267349619
# error of gsl routine      = -5.919743861770854e-17
#
# Errors in integration routines for each number of intervals (in log10)
#         N                    Simpsons                  Milnes  
#-----------------------------------------------------------------------
0.4771212547196624  -1.8871394140072759e-01  -1.2067071609496796e-01
8.4509804001425681e-01  -2.1318584817141404e+00  -1.9060352411772188e+00
1.0413926851582249e+00  -3.4618912046562063e+00  -3.6456096651911003e+00
1.1760912590556813e+00  -4.3386828877677397e+00  -4.4614973585245998e+00
1.2787536009528289e+00  -4.9935549815319540e+00  -5.1151135820155904e+00
1.3617278360175928e+00  -5.5164577142344591e+00  -5.6378542227315709e+00
1.4313637641589874e+00  -5.9517623718241390e+00  -6.0730970112625071e+00
1.4913616938342726e+00  -6.3246500928561185e+00  -6.4459563793781802e+00
1.5440680443502757e+00  -6.6507961747280957e+00  -6.7720880743730945e+00
1.5910646070264991e+00  -6.9406242533003262e+00  -7.0619083339154010e+00
1.6334684555795866e+00  -7.2014183198701147e+00  -7.3226980219896749e+00
1.6720978579357175e+00  -7.4384693647846900e+00  -7.5597466867275491e+00
1.7075701760979363e+00  -7.6557420517677564e+00  -7.7770183315617132e+00
1.7403626894942439e+00  -7.8562840733932617e+00  -7.9775603078598998e+00
1.7708520116421442e+00  -8.0424887130908473e+00  -8.1637658982408610e+00
1.7993405494535817e+00  -8.2162697935750000e+00  -8.3375488923911156e+00
1.8260748027008264e+00  -8.3791817162284783e+00  -8.5004639158628148e+00
1.8512583487190752e+00  -8.5325043351924954e+00  -8.6537909667404396e+00
1.8750612633917001e+00  -8.6773036085701225e+00  -8.7985963502712341e+00
1.8976270912904414e+00  -8.8144774878338623e+00  -8.9357782674456931e+00
1.9190780923760740e+00  -8.9447879321177233e+00  -9.0660998053191300e+00
1.9395192526186185e+00  -9.0688900558569721e+00  -9.1902150397096989e+00
1.9590413923210936e+00  -9.1873466793757572e+00  -9.3086895149850761e+00
1.9777236052888478e+00  -9.3006500033745017e+00  -9.4220126905944515e+00
1.9956351945975499e+00  -9.4092276072877805e+00  -9.5306182661894816e+00
2.0128372247051720e+00  -9.5134578891183690e+00  -9.6348810707113000e+00
2.0293837776852097e+00  -9.6136743614010562e+00  -9.7351375167980390e+00
2.0453229787866576e+00  -9.7101763974663768e+00  -9.8316866759385189e+00
2.0606978403536118e+00  -9.8032237173096313e+00  -9.9247922940197775e+00
2.0755469613925310e+00  -9.8930575918226111e+00  -1.0014689864537271e+01
2.0899051114393981e+00  -9.9798872268616634e+00  -1.0101606937539827e+01
2.1038037209559568e+00  -1.0063910845437887e+01  -1.0185725072585107e+01
2.1172712956557644e+00  -1.0145303598631251e+01  -1.0267228629003860e+01
2.1303337684950061e+00  -1.0224213106708209e+01  -1.0346275131018285e+01
2.1430148002540950e+00  -1.0300786343308005e+01  -1.0423002928695324e+01
2.1553360374650619e+00  -1.0375177098676170e+01  -1.0497555066602557e+01
2.1673173347481760e+00  -1.0447467321758410e+01  -1.0570066136507188e+01
2.1789769472931693e+00  -1.0517801612324444e+01  -1.0640612537992883e+01
2.1903316981702914e+00  -1.0586254684168448e+01  -1.0709361744103120e+01
2.2013971243204513e+00  -1.0652962162497071e+01  -1.0776342860338479e+01
2.2121876044039577e+00  -1.0717943380626551e+01  -1.0841686931146429e+01
2.2227164711475833e+00  -1.0781346586771257e+01  -1.0905454843293226e+01
2.2329961103921536e+00  -1.0843205109700540e+01  -1.0967766829026193e+01
2.2430380486862944e+00  -1.0903601742295935e+01  -1.1028645873534842e+01
2.2528530309798933e+00  -1.0962563659703029e+01  -1.1088177049895252e+01
2.2624510897304293e+00  -1.1020231676688228e+01  -1.1146493672821071e+01
2.2718416065364990e+00  -1.1076572607974482e+01  -1.1203493912871728e+01
2.2810333672477277e+00  -1.1131680682070291e+01  -1.1259378095155794e+01
2.2900346113625178e+00  -1.1185602876530632e+01  -1.1314187988229346e+01
2.2988530764097068e+00  -1.1238415690779346e+01  -1.1367834870014214e+01
2.3074960379132130e+00  -1.1290089165705647e+01  -1.1420518805909587e+01
2.3159703454569178e+00  -1.1340648408177477e+01  -1.1472301830530144e+01
2.3242824552976926e+00  -1.1390220995087319e+01  -1.1523158921116986e+01
2.3324384599156054e+00  -1.1438886258778814e+01  -1.1573068072073394e+01
2.3404441148401185e+00  -1.1486473041411635e+01  -1.1622354093556314e+01
2.3483048630481607e+00  -1.1532981994541093e+01  -1.1670535766675775e+01
2.3560258571931225e+00  -1.1578790306526189e+01  -1.1718383176485808e+01
2.3636119798921444e+00  -1.1623667106954946e+01  -1.1765037204912218e+01
2.3710678622717363e+00  -1.1667789148701468e+01  -1.1811628889856703e+01
2.3783979009481375e+00  -1.1710779017157110e+01  -1.1856700477285347e+01
2.3856062735983121e+00  -1.1753275101147942e+01  -1.1901857501728392e+01
2.3926969532596658e+00  -1.1794777513113766e+01  -1.1946165145934666e+01
2.3996737214810380e+00  -1.1835284313379981e+01  -1.1990310069340513e+01
2.4065401804339550e+00  -1.1875633418621675e+01  -1.2033541998465754e+01
2.4132997640812519e+00  -1.1914638883674677e+01  -1.2076110913670481e+01
2.4199557484897580e+00  -1.1952794712646771e+01  -1.2118881254518506e+01
2.4265112613645754e+00  -1.1990528618946016e+01  -1.2160901108133615e+01
2.4329692908744058e+00  -1.2027628789974191e+01  -1.2202175149804720e+01
2.4393326938302629e+00  -1.2064293243065324e+01  -1.2243461083529585e+01
2.4456042032735974e+00  -1.2100006327966872e+01  -1.2284905954999083e+01
2.4517864355242902e+00  -1.2134940360858200e+01  -1.2325180616846421e+01
2.4578818967339924e+00  -1.2168848064343281e+01  -1.2366274217371641e+01
2.4638929889859074e+00  -1.2201937960021706e+01  -1.2406698652626989e+01
2.4698220159781630e+00  -1.2235703309848873e+01  -1.2446668819376475e+01
2.4756711883244296e+00  -1.2267878135773032e+01  -1.2486336090399231e+01
2.4814426285023048e+00  -1.2299203806299897e+01  -1.2526225157845779e+01
2.4871383754771865e+00  -1.2331205974652052e+01  -1.2568218665532715e+01
2.4927603890268375e+00  -1.2360599332468261e+01  -1.2607412386591001e+01
2.4983105537896004e+00  -1.2390477140468912e+01  -1.2646849125860475e+01
2.5037906830571810e+00  -1.2419421904235612e+01  -1.2683707944401139e+01
2.5092025223311030e+00  -1.2447920389354783e+01  -1.2725964324537902e+01
2.5145477526602860e+00  -1.2473962191219133e+01  -1.2769701224200976e+01
2.5198279937757189e+00  -1.2503086534384556e+01  -1.2810087128372746e+01
2.5250448070368452e+00  -1.2529237617197557e+01  -1.2848269369133705e+01
2.5301996982030821e+00  -1.2554120478133068e+01  -1.2891873280821789e+01
2.5352941200427703e+00  -1.2580232723831877e+01  -1.2931354175004719e+01
2.5403294747908736e+00  -1.2604406876451277e+01  -1.2979733668443696e+01
2.5453071164658239e+00  -1.2629371430552261e+01  -1.3022265113957822e+01
2.5502283530550942e+00  -1.2654176353805857e+01  -1.3064206893630324e+01
2.5550944485783194e+00  -1.2677993460876710e+01  -1.3112562364910907e+01
2.5599066250361124e+00  -1.2699076328263256e+01  -1.3152991021966516e+01
2.5646660642520893e+00  -1.2720843332537092e+01  -1.3211891852042378e+01
2.5693739096150461e+00  -1.2742110960488459e+01  -1.3263347758701819e+01
2.5740312677277188e+00  -1.2762314346576744e+01  -1.3306382390927020e+01
2.5786392099680722e+00  -1.2781697844783421e+01  -1.3371323197860034e+01
2.5831987739686229e+00  -1.2805304101151952e+01  -1.3429315144837721e+01
2.5877109650189114e+00  -1.2823270772518171e+01  -1.3482473649982701e+01
2.5921767573958667e+00  -1.2838918169736559e+01  -1.3532778768294097e+01
2.5965970956264601e+00  -1.2857826357073979e+01  -1.3632235970316033e+01
2.6009728956867484e+00  -1.2873680275995770e+01  -1.3724382193528026e+01
2.6053050461411096e+00  -1.2891293060986785e+01  -1.3821292206536082e+01
2.6095944092252199e+00  -1.2909045988303369e+01  -1.3952861522043396e+01
2.6138418218760693e+00  -1.2923165639075689e+01  -1.4075578798657737e+01
2.6180480967120925e+00  -1.2936471105855226e+01  -1.4334411114527263e+01
2.6222140229662951e+00  -1.2958239850617398e+01  -1.4724382193528026e+01
#  2.6263403673750423e+00  -1.2969200545475822e+01  -inf                Don't want GNUPlot reading a NaN
2.6304278750250241e+00  -1.2981157586053376e+01  -1.4535325957307977e+01
2.6344772701607315e+00  -1.2996397552610112e+01  -1.4274413184851978e+01
2.6384892569546374e+00  -1.3003847040265722e+01  -1.4093677020750533e+01
2.6424645202421213e+00  -1.3021481895563575e+01  -1.4041499009085463e+01
2.6464037262230695e+00  -1.3030975049097405e+01  -1.3946230943144382e+01
2.6503075231319366e+00  -1.3044789134532513e+01  -1.3890713615294551e+01
2.6541765418779604e+00  -1.3057353978551539e+01  -1.3811532369246926e+01
2.6580113966571126e+00  -1.3065937152819005e+01  -1.3770139684088701e+01
2.6618126855372610e+00  -1.3073809775918891e+01  -1.3801987051340696e+01
2.6655809910179533e+00  -1.3083629802312419e+01  -1.3672353193524016e+01
2.6693168805661123e+00  -1.3088167925965758e+01  -1.3682989508369801e+01
2.6730209071288962e+00  -1.3103962193148989e+01  -1.3682989508369801e+01
2.6766936096248664e+00  -1.3112562364910907e+01  -1.3613486534303195e+01
2.6803355134145632e+00  -1.3124300768182152e+01  -1.3595513163291294e+01
2.6839471307515121e+00  -1.3135347003661227e+01  -1.3572650280331789e+01
2.6875289612146345e+00  -1.3135347003661227e+01  -1.3575443180515959e+01
2.6910814921229687e+00  -1.3138409022093519e+01  -1.3572650280331789e+01
2.6946051989335689e+00  -1.3145638823712494e+01  -1.3532778768294097e+01
2.6981005456233897e+00  -1.3152991021966516e+01  -1.3537888174072577e+01
2.7015679850559273e+00  -1.3159393513575646e+01  -1.3520262210872101e+01
2.7050079593333360e+00  -1.3171382328310825e+01  -1.3515354876377357e+01
2.7084209001347128e+00  -1.3180314149177750e+01  -1.3500957055676714e+01
2.7118072290411912e+00  -1.3190587033758590e+01  -1.3487021277733422e+01
2.7151673578484576e+00  -1.3195231938804355e+01  -1.3496261934468336e+01
2.7185016888672742e+00  -1.3201108814434162e+01  -1.3477973148756025e+01
2.7218106152125467e+00  -1.3207066308153086e+01  -1.3462578821265762e+01
2.7250945210814690e+00  -1.3196400969071206e+01  -1.3458278840773039e+01
2.7283537820212285e+00  -1.3205868253650140e+01  -1.3458278840773039e+01
2.7315887651867388e+00  -1.3210680430107931e+01  -1.3437395275247514e+01
2.7347998295888472e+00  -1.3216771616660465e+01  -1.3437395275247514e+01
2.7379873263334309e+00  -1.3221706834335976e+01  -1.3427318385081646e+01
2.7411515988517849e+00  -1.3227955783612977e+01  -1.3419421904235612e+01
2.7442929831226763e+00  -1.3229216436114722e+01  -1.3417470015638091e+01
2.7474118078864231e+00  -1.3233020499693755e+01  -1.3409749021493129e+01
2.7505083948513462e+00  -1.3245946884910532e+01  -1.3425330763846134e+01
2.7535830588929064e+00  -1.3243330645179931e+01  -1.3411666439538850e+01
2.7566361082458481e+00  -1.3242028411874687e+01  -1.3402162898794106e+01
2.7596678446896306e+00  -1.3245946884910532e+01  -1.3413592360574889e+01
2.7626785637274360e+00  -1.3255229868479640e+01  -1.3417470015638091e+01
2.7656685547590141e+00  -1.3252557278618312e+01  -1.3387376977738114e+01
2.7686381012476144e+00  -1.3252557278618312e+01  -1.3405939396346364e+01
2.7715874808812555e+00  -1.3249901034974572e+01  -1.3404047042668658e+01
2.7745169657285498e+00  -1.3259269846281379e+01  -1.3396559021276108e+01
2.7774268223893115e+00  -1.3261984195629070e+01  -1.3391026532676147e+01
2.7803173121401512e+00  -1.3259269846281379e+01  -1.3389197921629739e+01
2.7831886910752575e+00  -1.3264715616468500e+01  -1.3389197921629739e+01
2.7860412102425540e+00  -1.3274413184851978e+01  -1.3376608794321719e+01
2.7888751157754168e+00  -1.3274413184851978e+01  -1.3383757836111384e+01
2.7916906490201181e+00  -1.3278636503209064e+01  -1.3391026532676147e+01
2.7944880466591697e+00  -1.3261984195629070e+01  -1.3373077925426585e+01
2.7972675408307164e+00  -1.3281475039339465e+01  -1.3374839771582872e+01
2.8000293592441343e+00  -1.3278636503209064e+01  -1.3381959512705821e+01
2.8027737252919755e+00  -1.3282901295077497e+01  -1.3352475114604999e+01
2.8055008581584002e+00  -1.3278636503209064e+01  -1.3354155172723022e+01
2.8082109729242219e+00  -1.3301881889700343e+01  -1.3373077925426585e+01
2.8109042806687006e+00  -1.3288653623966589e+01  -1.3352475114604999e+01
2.8135809885681917e+00  -1.3282901295077497e+01  -1.3364374337904707e+01
2.8162412999917832e+00  -1.3282901295077497e+01  -1.3364374337904707e+01
2.8188854145940097e+00  -1.3307892981952259e+01  -1.3352475114604999e+01
2.8215135284047732e+00  -1.3291558614609997e+01  -1.3378385052347522e+01
2.8241258339165491e+00  -1.3303376880787296e+01  -1.3357534913374401e+01
2.8267225201689921e+00  -1.3300392027237834e+01  -1.3347473587366506e+01
2.8293037728310249e+00  -1.3295952862708088e+01  -1.3345819130196494e+01
2.8318697742805017e+00  -1.3291558614609997e+01  -1.3362654357510433e+01
2.8344207036815323e+00  -1.3298907258332141e+01  -1.3359234698252296e+01
2.8369567370595505e+00  -1.3313988443161961e+01  -1.3352475114604999e+01
2.8394780473741985e+00  -1.3303376880787296e+01  -1.3349134371347970e+01
2.8419848045901137e+00  -1.3310930018677741e+01  -1.3357534913374401e+01
2.8444771757456815e+00  -1.3300392027237834e+01  -1.3352475114604999e+01
2.8469553250198238e+00  -1.3295952862708088e+01  -1.3334411114527263e+01
2.8494194137968996e+00  -1.3312456538639214e+01  -1.3360941162066313e+01
2.8518696007297661e+00  -1.3303376880787296e+01  -1.3345819130196494e+01
2.8543060418010806e+00  -1.3318616847344032e+01  -1.3345819130196494e+01
2.8567288903828825e+00  -1.3306382390927020e+01  -1.3344170951816420e+01
2.8591382972945310e+00  -1.3294483167627313e+01  -1.3349134371347970e+01
2.8615344108590377e+00  -1.3309408845557208e+01  -1.3355841755354957e+01
2.8639173769578603e+00  -1.3307892981952259e+01  -1.3340893242055184e+01
2.8662873390841948e+00  -1.3306382390927020e+01  -1.3336022598683844e+01
2.8686444383948255e+00  -1.3315525770366891e+01  -1.3336022598683844e+01
2.8709888137605755e+00  -1.3313988443161961e+01  -1.3339263617321675e+01
2.8733206018153989e+00  -1.3318616847344032e+01  -1.3342529004749444e+01
2.8756399370041685e+00  -1.3310930018677741e+01  -1.3331205974652052e+01
2.8779469516291885e+00  -1.3326442184855988e+01  -1.3345819130196494e+01
2.8802417758954801e+00  -1.3310930018677741e+01  -1.3359234698252296e+01
2.8825245379548803e+00  -1.3323295109621803e+01  -1.3334411114527263e+01
2.8847953639489807e+00  -1.3323295109621803e+01  -1.3328024315865864e+01
2.8870543780509568e+00  -1.3310930018677741e+01  -1.3345819130196494e+01
2.8893017025063101e+00  -1.3321730082768175e+01  -1.3345819130196494e+01
2.8915374576725643e+00  -1.3324865796621033e+01  -1.3344170951816420e+01
2.8937617620579434e+00  -1.3317068558781171e+01  -1.3354155172723022e+01
2.8959747323590648e+00  -1.3313988443161961e+01  -1.3352475114604999e+01
2.8981764834976764e+00  -1.3317068558781171e+01  -1.3345819130196494e+01
2.9003671286564705e+00  -1.3326442184855988e+01  -1.3334411114527263e+01
2.9025467793139912e+00  -1.3321730082768175e+01  -1.3321730082768175e+01
2.9047155452786808e+00  -1.3304877035929703e+01  -1.3345819130196494e+01
2.9068735347220702e+00  -1.3318616847344032e+01  -1.3345819130196494e+01
2.9090208542111560e+00  -1.3323295109621803e+01  -1.3342529004749444e+01
2.9111576087399764e+00  -1.3295952862708088e+01  -1.3355841755354957e+01
2.9132839017604186e+00  -1.3323295109621803e+01  -1.3326442184855988e+01
2.9153998352122699e+00  -1.3313988443161961e+01  -1.3336022598683844e+01
2.9175055095525466e+00  -1.3323295109621803e+01  -1.3345819130196494e+01
2.9196010237841108e+00  -1.3313988443161961e+01  -1.3349134371347970e+01
2.9216864754836021e+00  -1.3323295109621803e+01  -1.3342529004749444e+01
2.9237619608287004e+00  -1.3294483167627313e+01  -1.3344170951816420e+01
2.9258275746247424e+00  -1.3324865796621033e+01  -1.3345819130196494e+01
2.9278834103307068e+00  -1.3323295109621803e+01  -1.3352475114604999e+01
2.9299295600845880e+00  -1.3313988443161961e+01  -1.3337640084657462e+01
2.9319661147281728e+00  -1.3332805587811846e+01  -1.3331205974652052e+01
2.9339931638312424e+00  -1.3332805587811846e+01  -1.3347473587366506e+01
2.9360107957152097e+00  -1.3317068558781171e+01  -1.3320170675412655e+01
2.9380190974762104e+00  -1.3334411114527263e+01  -1.3336022598683844e+01
2.9400181550076634e+00  -1.3328024315865864e+01  -1.3331205974652052e+01
2.9420080530223132e+00  -1.3321730082768175e+01  -1.3337640084657462e+01
2.9439888750737717e+00  -1.3323295109621803e+01  -1.3323295109621803e+01
2.9459607035775686e+00  -1.3329612231645495e+01  -1.3345819130196494e+01
2.9479236198317262e+00  -1.3315525770366891e+01  -1.3336022598683844e+01
2.9498777040368749e+00  -1.3324865796621033e+01  -1.3349134371347970e+01
2.9518230353159121e+00  -1.3323295109621803e+01  -1.3340893242055184e+01
2.9537596917332287e+00  -1.3331205974652052e+01  -1.3334411114527263e+01
2.9556877503135057e+00  -1.3339263617321675e+01  -1.3317068558781171e+01
2.9576072870600951e+00  -1.3328024315865864e+01  -1.3350801530715433e+01
2.9595183769729982e+00  -1.3317068558781171e+01  -1.3340893242055184e+01
2.9614210940664485e+00  -1.3310930018677741e+01  -1.3340893242055184e+01
2.9633155113861114e+00  -1.3334411114527263e+01  -1.3342529004749444e+01
2.9652017010259120e+00  -1.3332805587811846e+01  -1.3326442184855988e+01
2.9670797341444972e+00  -1.3328024315865864e+01  -1.3328024315865864e+01
2.9689496809813427e+00  -1.3326442184855988e+01  -1.3339263617321675e+01
2.9708116108725178e+00  -1.3321730082768175e+01  -1.3320170675412655e+01
2.9726655922661109e+00  -1.3336022598683844e+01  -1.3332805587811846e+01
2.9745116927373285e+00  -1.3318616847344032e+01  -1.3331205974652052e+01
2.9763499790032735e+00  -1.3331205974652052e+01  -1.3349134371347970e+01
2.9781805169374138e+00  -1.3320170675412655e+01  -1.3331205974652052e+01
2.9800033715837464e+00  -1.3310930018677741e+01  -1.3349134371347970e+01
2.9818186071706636e+00  -1.3323295109621803e+01  -1.3342529004749444e+01
2.9836262871245345e+00  -1.3328024315865864e+01  -1.3332805587811846e+01
2.9854264740830017e+00  -1.3331205974652052e+01  -1.3352475114604999e+01
2.9872192299080047e+00  -1.3310930018677741e+01  -1.3332805587811846e+01
2.9890046156985370e+00  -1.3324865796621033e+01  -1.3344170951816420e+01
2.9907826918031377e+00  -1.3336022598683844e+01  -1.3323295109621803e+01
2.9925535178321354e+00  -1.3344170951816420e+01  -1.3317068558781171e+01
2.9943171526696366e+00  -1.3326442184855988e+01  -1.3332805587811846e+01
2.9960736544852753e+00  -1.3328024315865864e+01  -1.3328024315865864e+01
2.9978230807457256e+00  -1.3324865796621033e+01  -1.3320170675412655e+01
2.9995654882259823e+00  -1.3313988443161961e+01  -1.3334411114527263e+01
3.0013009330204179e+00  -1.3331205974652052e+01  -1.3347473587366506e+01
3.0030294705536180e+00  -1.3332805587811846e+01  -1.3349134371347970e+01
3.0047511555910011e+00  -1.3318616847344032e+01  -1.3340893242055184e+01
3.0064660422492318e+00  -1.3309408845557208e+01  -1.3342529004749444e+01
3.0081741840064264e+00  -1.3329612231645495e+01  -1.3331205974652052e+01
3.0098756337121602e+00  -1.3340893242055184e+01  -1.3328024315865864e+01
3.0115704435972783e+00  -1.3342529004749444e+01  -1.3332805587811846e+01
3.0132586652835167e+00  -1.3336022598683844e+01  -1.3347473587366506e+01
3.0149403497929366e+00  -1.3328024315865864e+01  -1.3339263617321675e+01
3.0166155475571772e+00  -1.3331205974652052e+01  -1.3331205974652052e+01
3.0182843084265309e+00  -1.3334411114527263e+01  -1.3334411114527263e+01
3.0199466816788423e+00  -1.3342529004749444e+01  -1.3326442184855988e+01
3.0216027160282422e+00  -1.3312456538639214e+01  -1.3332805587811846e+01
3.0232524596337114e+00  -1.3331205974652052e+01  -1.3328024315865864e+01
3.0248959601074850e+00  -1.3339263617321675e+01  -1.3318616847344032e+01
3.0265332645232967e+00  -1.3344170951816420e+01  -1.3326442184855988e+01
3.0281644194244697e+00  -1.3347473587366506e+01  -1.3331205974652052e+01
3.0297894708318558e+00  -1.3332805587811846e+01  -1.3324865796621033e+01
3.0314084642516241e+00  -1.3337640084657462e+01  -1.3342529004749444e+01
3.0330214446829107e+00  -1.3336022598683844e+01  -1.3326442184855988e+01
3.0346284566253203e+00  -1.3320170675412655e+01  -1.3352475114604999e+01
3.0362295440862948e+00  -1.3331205974652052e+01  -1.3339263617321675e+01
3.0378247505883418e+00  -1.3328024315865864e+01  -1.3321730082768175e+01
3.0394141191761372e+00  -1.3320170675412655e+01  -1.3320170675412655e+01
3.0409976924234905e+00  -1.3340893242055184e+01  -1.3350801530715433e+01
3.0425755124401905e+00  -1.3344170951816420e+01  -1.3339263617321675e+01
3.0441476208787228e+00  -1.3323295109621803e+01  -1.3339263617321675e+01
3.0457140589408676e+00  -1.3331205974652052e+01  -1.3324865796621033e+01
3.0472748673841794e+00  -1.3328024315865864e+01  -1.3329612231645495e+01
3.0488300865283500e+00  -1.3328024315865864e+01  -1.3352475114604999e+01
3.0503797562614579e+00  -1.3320170675412655e+01  -1.3329612231645495e+01
3.0519239160461065e+00  -1.3310930018677741e+01  -1.3326442184855988e+01
3.0534626049254552e+00  -1.3306382390927020e+01  -1.3332805587811846e+01
3.0549958615291417e+00  -1.3340893242055184e+01  -1.3331205974652052e+01
3.0565237240791006e+00  -1.3328024315865864e+01  -1.3337640084657462e+01
3.0580462303952816e+00  -1.3320170675412655e+01  -1.3329612231645495e+01
3.0595634179012676e+00  -1.3329612231645495e+01  -1.3329612231645495e+01
3.0610753236297916e+00  -1.3332805587811846e+01  -1.3349134371347970e+01
3.0625819842281632e+00  -1.3334411114527263e+01  -1.3339263617321675e+01
3.0640834359635960e+00  -1.3342529004749444e+01  -1.3337640084657462e+01
3.0655797147284485e+00  -1.3324865796621033e+01  -1.3320170675412655e+01
3.0670708560453703e+00  -1.3323295109621803e+01  -1.3326442184855988e+01
3.0685568950723630e+00  -1.3334411114527263e+01  -1.3331205974652052e+01
3.0700378666077550e+00  -1.3340893242055184e+01  -1.3337640084657462e+01
3.0715138050950892e+00  -1.3315525770366891e+01  -1.3345819130196494e+01
3.0729847446279304e+00  -1.3328024315865864e+01  -1.3326442184855988e+01
3.0744507189545911e+00  -1.3326442184855988e+01  -1.3331205974652052e+01
3.0759117614827773e+00  -1.3321730082768175e+01  -1.3326442184855988e+01
3.0773679052841567e+00  -1.3329612231645495e+01  -1.3337640084657462e+01
3.0788191830988487e+00  -1.3342529004749444e+01  -1.3339263617321675e+01
3.0802656273398448e+00  -1.3336022598683844e+01  -1.3323295109621803e+01
3.0817072700973491e+00  -1.3340893242055184e+01  -1.3326442184855988e+01
3.0831441431430524e+00  -1.3347473587366506e+01  -1.3344170951816420e+01
3.0845762779343309e+00  -1.3326442184855988e+01  -1.3318616847344032e+01
3.0860037056183818e+00  -1.3339263617321675e+01  -1.3307892981952259e+01
3.0874264570362855e+00  -1.3323295109621803e+01  -1.3340893242055184e+01
3.0888445627270045e+00  -1.3339263617321675e+01  -1.3320170675412655e+01
3.0902580529313162e+00  -1.3328024315865864e+01  -1.3345819130196494e+01
3.0916669575956846e+00  -1.3315525770366891e+01  -1.3324865796621033e+01
3.0930713063760633e+00  -1.3318616847344032e+01  -1.3342529004749444e+01
3.0944711286416449e+00  -1.3340893242055184e+01  -1.3340893242055184e+01
3.0958664534785427e+00  -1.3336022598683844e+01  -1.3354155172723022e+01
3.0972573096934202e+00  -1.3317068558781171e+01  -1.3326442184855988e+01
3.0986437258170572e+00  -1.3332805587811846e+01  -1.3326442184855988e+01
3.1000257301078626e+00  -1.3334411114527263e+01  -1.3334411114527263e+01
3.1014033505553309e+00  -1.3345819130196494e+01  -1.3345819130196494e+01
3.1027766148834415e+00  -1.3317068558781171e+01  -1.3324865796621033e+01
3.1041455505540081e+00  -1.3334411114527263e+01  -1.3350801530715433e+01
3.1055101847699738e+00  -1.3344170951816420e+01  -1.3336022598683844e+01
3.1068705444786540e+00  -1.3328024315865864e+01  -1.3337640084657462e+01
3.1082266563749283e+00  -1.3321730082768175e+01  -1.3323295109621803e+01
3.1095785469043866e+00  -1.3334411114527263e+01  -1.3336022598683844e+01
3.1109262422664203e+00  -1.3332805587811846e+01  -1.3332805587811846e+01
3.1122697684172707e+00  -1.3326442184855988e+01  -1.3345819130196494e+01
3.1136091510730277e+00  -1.3320170675412655e+01  -1.3337640084657462e+01
3.1149444157125847e+00  -1.3310930018677741e+01  -1.3347473587366506e+01
3.1162755875805441e+00  -1.3328024315865864e+01  -1.3334411114527263e+01
3.1176026916900841e+00  -1.3354155172723022e+01  -1.3337640084657462e+01
3.1189257528257768e+00  -1.3332805587811846e+01  -1.3321730082768175e+01
3.1202447955463652e+00  -1.3317068558781171e+01  -1.3324865796621033e+01
3.1215598441875008e+00  -1.3326442184855988e+01  -1.3318616847344032e+01
3.1228709228644354e+00  -1.3339263617321675e+01  -1.3339263617321675e+01
3.1241780554746752e+00  -1.3309408845557208e+01  -1.3332805587811846e+01
3.1254812657005941e+00  -1.3352475114604999e+01  -1.3320170675412655e+01
3.1267805770120090e+00  -1.3334411114527263e+01  -1.3331205974652052e+01
3.1280760126687155e+00  -1.3329612231645495e+01  -1.3344170951816420e+01
3.1293675957229858e+00  -1.3329612231645495e+01  -1.3336022598683844e+01
3.1306553490220308e+00  -1.3337640084657462e+01  -1.3326442184855988e+01
3.1319392952104246e+00  -1.3336022598683844e+01  -1.3337640084657462e+01
3.1332194567324945e+00  -1.3329612231645495e+01  -1.3328024315865864e+01
3.1344958558346736e+00  -1.3354155172723022e+01  -1.3336022598683844e+01
3.1357685145678222e+00  -1.3312456538639214e+01  -1.3340893242055184e+01
3.1370374547895126e+00  -1.3324865796621033e+01  -1.3344170951816420e+01
3.1383026981662816e+00  -1.3310930018677741e+01  -1.3328024315865864e+01
3.1395642661758498e+00  -1.3334411114527263e+01  -1.3320170675412655e+01
3.1408221801093106e+00  -1.3329612231645495e+01  -1.3321730082768175e+01
3.1420764610732848e+00  -1.3307892981952259e+01  -1.3323295109621803e+01
3.1433271299920462e+00  -1.3340893242055184e+01  -1.3334411114527263e+01
3.1445742076096161e+00  -1.3355841755354957e+01  -1.3331205974652052e+01
3.1458177144918276e+00  -1.3323295109621803e+01  -1.3345819130196494e+01
3.1470576710283598e+00  -1.3357534913374401e+01  -1.3331205974652052e+01
3.1482940974347455e+00  -1.3313988443161961e+01  -1.3332805587811846e+01
3.1495270137543478e+00  -1.3337640084657462e+01  -1.3349134371347970e+01
3.1507564398603090e+00  -1.3336022598683844e+01  -1.3324865796621033e+01
3.1519823954574742e+00  -1.3313988443161961e+01  -1.3326442184855988e+01
3.1532049000842841e+00  -1.3321730082768175e+01  -1.3336022598683844e+01
3.1544239731146471e+00  -1.3321730082768175e+01  -1.3328024315865864e+01
3.1556396337597765e+00  -1.3317068558781171e+01  -1.3339263617321675e+01
3.1568519010700111e+00  -1.3315525770366891e+01  -1.3326442184855988e+01
3.1580607939366052e+00  -1.3320170675412655e+01  -1.3331205974652052e+01
3.1592663310934941e+00  -1.3315525770366891e+01  -1.3329612231645495e+01
3.1604685311190375e+00  -1.3326442184855988e+01  -1.3340893242055184e+01
3.1616674124377360e+00  -1.3324865796621033e+01  -1.3329612231645495e+01
3.1628629933219261e+00  -1.3355841755354957e+01  -1.3332805587811846e+01
3.1640552918934515e+00  -1.3323295109621803e+01  -1.3318616847344032e+01
3.1652443261253107e+00  -1.3342529004749444e+01  -1.3320170675412655e+01
3.1664301138432829e+00  -1.3336022598683844e+01  -1.3328024315865864e+01
3.1676126727275302e+00  -1.3315525770366891e+01  -1.3347473587366506e+01
3.1687920203141817e+00  -1.3313988443161961e+01  -1.3337640084657462e+01
3.1699681739968923e+00  -1.3350801530715433e+01  -1.3332805587811846e+01
3.1711411510283822e+00  -1.3326442184855988e+01  -1.3318616847344032e+01
3.1723109685219542e+00  -1.3328024315865864e+01  -1.3328024315865864e+01
3.1734776434529945e+00  -1.3336022598683844e+01  -1.3318616847344032e+01
3.1746411926604483e+00  -1.3320170675412655e+01  -1.3340893242055184e+01
3.1758016328482794e+00  -1.3323295109621803e+01  -1.3349134371347970e+01
3.1769589805869081e+00  -1.3331205974652052e+01  -1.3332805587811846e+01
3.1781132523146320e+00  -1.3342529004749444e+01  -1.3320170675412655e+01
3.1792644643390253e+00  -1.3326442184855988e+01  -1.3331205974652052e+01
3.1804126328383240e+00  -1.3312456538639214e+01  -1.3347473587366506e+01
3.1815577738627865e+00  -1.3320170675412655e+01  -1.3313988443161961e+01
3.1826999033360428e+00  -1.3324865796621033e+01  -1.3344170951816420e+01
3.1838390370564214e+00  -1.3304877035929703e+01  -1.3345819130196494e+01
3.1849751906982608e+00  -1.3345819130196494e+01  -1.3337640084657462e+01
3.1861083798132053e+00  -1.3345819130196494e+01  -1.3309408845557208e+01
3.1872386198314788e+00  -1.3334411114527263e+01  -1.3328024315865864e+01
3.1883659260631481e+00  -1.3312456538639214e+01  -1.3337640084657462e+01
3.1894903136993675e+00  -1.3312456538639214e+01  -1.3342529004749444e+01
3.1906117978136050e+00  -1.3331205974652052e+01  -1.3317068558781171e+01
3.1917303933628562e+00  -1.3340893242055184e+01  -1.3328024315865864e+01
3.1928461151888419e+00  -1.3331205974652052e+01  -1.3344170951816420e+01
3.1939589780191868e+00  -1.3312456538639214e+01  -1.3350801530715433e+01
3.1950689964685903e+00  -1.3328024315865864e+01  -1.3313988443161961e+01
3.1961761850399735e+00  -1.3336022598683844e+01  -1.3329612231645495e+01
3.1972805581256192e+00  -1.3328024315865864e+01  -1.3326442184855988e+01
3.1983821300082944e+00  -1.3357534913374401e+01  -1.3318616847344032e+01
3.1994809148623560e+00  -1.3340893242055184e+01  -1.3321730082768175e+01
3.2005769267548483e+00  -1.3324865796621033e+01  -1.3334411114527263e+01
3.2016701796465816e+00  -1.3332805587811846e+01  -1.3342529004749444e+01
3.2027606873931997e+00  -1.3323295109621803e+01  -1.3336022598683844e+01
3.2038484637462346e+00  -1.3320170675412655e+01  -1.3345819130196494e+01
3.2049335223541449e+00  -1.3315525770366891e+01  -1.3321730082768175e+01
3.2060158767633444e+00  -1.3328024315865864e+01  -1.3340893242055184e+01
3.2070955404192181e+00  -1.3336022598683844e+01  -1.3345819130196494e+01
3.2081725266671217e+00  -1.3321730082768175e+01  -1.3332805587811846e+01
3.2092468487533736e+00  -1.3339263617321675e+01  -1.3334411114527263e+01
3.2103185198262318e+00  -1.3318616847344032e+01  -1.3321730082768175e+01
3.2113875529368587e+00  -1.3317068558781171e+01  -1.3321730082768175e+01
3.2124539610402758e+00  -1.3326442184855988e+01  -1.3324865796621033e+01
3.2135177569963047e+00  -1.3340893242055184e+01  -1.3331205974652052e+01
3.2145789535704989e+00  -1.3336022598683844e+01  -1.3347473587366506e+01
3.2156375634350618e+00  -1.3339263617321675e+01  -1.3340893242055184e+01
3.2166935991697545e+00  -1.3326442184855988e+01  -1.3344170951816420e+01
3.2177470732627937e+00  -1.3342529004749444e+01  -1.3326442184855988e+01
3.2187979981117376e+00  -1.3334411114527263e+01  -1.3313988443161961e+01
3.2198463860243605e+00  -1.3342529004749444e+01  -1.3340893242055184e+01
3.2208922492195193e+00  -1.3331205974652052e+01  -1.3306382390927020e+01
3.2219355998280053e+00  -1.3331205974652052e+01  -1.3352475114604999e+01
3.2229764498933915e+00  -1.3321730082768175e+01  -1.3315525770366891e+01
3.2240148113728639e+00  -1.3345819130196494e+01  -1.3331205974652052e+01
3.2250506961380490e+00  -1.3328024315865864e+01  -1.3307892981952259e+01
3.2260841159758238e+00  -1.3331205974652052e+01  -1.3323295109621803e+01
3.2271150825891253e+00  -1.3321730082768175e+01  -1.3328024315865864e+01
3.2281436075977417e+00  -1.3329612231645495e+01  -1.3336022598683844e+01
3.2291697025391009e+00  -1.3331205974652052e+01  -1.3323295109621803e+01
3.2301933788690458e+00  -1.3337640084657462e+01  -1.3339263617321675e+01
3.2312146479626009e+00  -1.3360941162066313e+01  -1.3313988443161961e+01
3.2322335211147335e+00  -1.3339263617321675e+01  -1.3321730082768175e+01
3.2332500095411003e+00  -1.3342529004749444e+01  -1.3357534913374401e+01
3.2342641243787895e+00  -1.3334411114527263e+01  -1.3306382390927020e+01
3.2352758766870524e+00  -1.3342529004749444e+01  -1.3339263617321675e+01
3.2362852774480286e+00  -1.3326442184855988e+01  -1.3332805587811846e+01
3.2372923375674589e+00  -1.3344170951816420e+01  -1.3320170675412655e+01
3.2382970678753940e+00  -1.3331205974652052e+01  -1.3303376880787296e+01
3.2392994791268928e+00  -1.3324865796621033e+01  -1.3366101157205213e+01
3.2402995820027125e+00  -1.3320170675412655e+01  -1.3336022598683844e+01
3.2412973871099933e+00  -1.3323295109621803e+01  -1.3357534913374401e+01
3.2422929049829308e+00  -1.3337640084657462e+01  -1.3340893242055184e+01
3.2432861460834461e+00  -1.3342529004749444e+01  -1.3367834870014214e+01
3.2442771208018431e+00  -1.3332805587811846e+01  -1.3323295109621803e+01
3.2452658394574612e+00  -1.3347473587366506e+01  -1.3321730082768175e+01
3.2462523122993221e+00  -1.3339263617321675e+01  -1.3326442184855988e+01
3.2472365495067641e+00  -1.3339263617321675e+01  -1.3321730082768175e+01
3.2482185611900749e+00  -1.3329612231645495e+01  -1.3328024315865864e+01
3.2491983573911130e+00  -1.3323295109621803e+01  -1.3321730082768175e+01
3.2501759480839252e+00  -1.3347473587366506e+01  -1.3337640084657462e+01
3.2511513431753545e+00  -1.3320170675412655e+01  -1.3337640084657462e+01
3.2521245525056441e+00  -1.3312456538639214e+01  -1.3329612231645495e+01
3.2530955858490316e+00  -1.3323295109621803e+01  -1.3331205974652052e+01
3.2540644529143381e+00  -1.3323295109621803e+01  -1.3324865796621033e+01
3.2550311633455515e+00  -1.3326442184855988e+01  -1.3320170675412655e+01
3.2559957267224018e+00  -1.3326442184855988e+01  -1.3339263617321675e+01
3.2569581525609319e+00  -1.3321730082768175e+01  -1.3321730082768175e+01
3.2579184503140586e+00  -1.3354155172723022e+01  -1.3340893242055184e+01
3.2588766293721312e+00  -1.3310930018677741e+01  -1.3328024315865864e+01
3.2598326990634834e+00  -1.3309408845557208e+01  -1.3337640084657462e+01
3.2607866686549762e+00  -1.3328024315865864e+01  -1.3320170675412655e+01
3.2617385473525378e+00  -1.3320170675412655e+01  -1.3332805587811846e+01
3.2626883443016963e+00  -1.3334411114527263e+01  -1.3321730082768175e+01
3.2636360685881081e+00  -1.3313988443161961e+01  -1.3328024315865864e+01
3.2645817292380777e+00  -1.3337640084657462e+01  -1.3371323197860034e+01
3.2655253352190736e+00  -1.3312456538639214e+01  -1.3328024315865864e+01
3.2664668954402414e+00  -1.3359234698252296e+01  -1.3310930018677741e+01
3.2674064187529042e+00  -1.3317068558781171e+01  -1.3345819130196494e+01
3.2683439139510648e+00  -1.3323295109621803e+01  -1.3329612231645495e+01
3.2692793897718984e+00  -1.3326442184855988e+01  -1.3313988443161961e+01
3.2702128548962426e+00  -1.3332805587811846e+01  -1.3355841755354957e+01
3.2711443179490782e+00  -1.3307892981952259e+01  -1.3328024315865864e+01
3.2720737875000099e+00  -1.3357534913374401e+01  -1.3303376880787296e+01
3.2730012720637376e+00  -1.3347473587366506e+01  -1.3342529004749444e+01
3.2739267801005254e+00  -1.3312456538639214e+01  -1.3317068558781171e+01
3.2748503200166645e+00  -1.3350801530715433e+01  -1.3345819130196494e+01
3.2757719001649312e+00  -1.3323295109621803e+01  -1.3324865796621033e+01
3.2766915288450398e+00  -1.3312456538639214e+01  -1.3332805587811846e+01
3.2776092143040909e+00  -1.3313988443161961e+01  -1.3317068558781171e+01
3.2785249647370174e+00  -1.3355841755354957e+01  -1.3336022598683844e+01
3.2794387882870204e+00  -1.3334411114527263e+01  -1.3312456538639214e+01
3.2803506930460058e+00  -1.3342529004749444e+01  -1.3323295109621803e+01
3.2812606870550129e+00  -1.3329612231645495e+01  -1.3329612231645495e+01
3.2821687783046416e+00  -1.3313988443161961e+01  -1.3317068558781171e+01
3.2830749747354715e+00  -1.3336022598683844e+01  -1.3301881889700343e+01
3.2839792842384798e+00  -1.3364374337904707e+01  -1.3328024315865864e+01
3.2848817146554530e+00  -1.3345819130196494e+01  -1.3329612231645495e+01
3.2857822737793949e+00  -1.3329612231645495e+01  -1.3329612231645495e+01
3.2866809693549301e+00  -1.3332805587811846e+01  -1.3334411114527263e+01
3.2875778090787051e+00  -1.3334411114527263e+01  -1.3349134371347970e+01
3.2884728005997825e+00  -1.3336022598683844e+01  -1.3345819130196494e+01
3.2893659515200318e+00  -1.3326442184855988e+01  -1.3309408845557208e+01
3.2902572693945182e+00  -1.3345819130196494e+01  -1.3337640084657462e+01
3.2911467617318855e+00  -1.3306382390927020e+01  -1.3324865796621033e+01
3.2920344359947364e+00  -1.3312456538639214e+01  -1.3345819130196494e+01
3.2929202996000062e+00  -1.3315525770366891e+01  -1.3324865796621033e+01
3.2938043599193367e+00  -1.3310930018677741e+01  -1.3350801530715433e+01
3.2946866242794433e+00  -1.3337640084657462e+01  -1.3323295109621803e+01
3.2955670999624789e+00  -1.3331205974652052e+01  -1.3313988443161961e+01
3.2964457942063961e+00  -1.3317068558781171e+01  -1.3350801530715433e+01
3.2973227142053028e+00  -1.3339263617321675e+01  -1.3323295109621803e+01
3.2981978671098151e+00  -1.3310930018677741e+01  -1.3334411114527263e+01
3.2990712600274095e+00  -1.3340893242055184e+01  -1.3324865796621033e+01
3.2999429000227671e+00  -1.3349134371347970e+01  -1.3334411114527263e+01
3.3008127941181167e+00  -1.3337640084657462e+01  -1.3329612231645495e+01
