# m=1, k=39.4784, p=2
# x0=0, v0=1
# t_start=0, t_end=50, h=0.01
#   t          x(t)               v(t)               KE(t)              PE(x(t)) 
0.0000  0.000000000000000e+00  1.000000000000000e+00  5.000000000000000e-01  0.000000000000000e+00  5.000000000000000e-01
0.1000  9.354891748673760e-02  8.090170388185990e-01  3.272542845494072e-01  1.727457111798604e-01  5.000000000000000e-01
0.2000  1.513653364196118e-01  3.090171467390936e-01  4.774579848938525e-02  4.522541929691501e-01  5.000000000000000e-01
0.3000  1.513653558122579e-01  -3.090167579103404e-01  4.774567833470898e-02  4.522543088530941e-01  5.000000000000000e-01
0.4000  9.354896875118293e-02  -8.090167889595297e-01  3.272540824091941e-01  1.727459005078769e-01  5.000000000000000e-01
0.5000  6.484785521933267e-08  -9.999999786462556e-01  4.999999786462558e-01  8.300819582589914e-14  5.000000000000000e-01
0.6000  -9.354886302609813e-02  -8.090172610367705e-01  3.272544643277190e-01  1.727455100478878e-01  5.000000000000000e-01
0.7000  -1.513653131482959e-01  -3.090175276494121e-01  4.774591619727758e-02  4.522540539075972e-01  5.000000000000000e-01
0.8000  -1.513653726191149e-01  3.090163638026345e-01  4.774555654890109e-02  4.522544092852419e-01  5.000000000000000e-01
0.9000  -9.354901921656580e-02  8.090165321901465e-01  3.272538746784852e-01  1.727460868849257e-01  5.000000000000000e-01
1.0000  -1.296957076735161e-07  9.999999572923460e-01  4.999999572923469e-01  3.320327691455311e-13  5.000000000000000e-01
1.1000  9.354880856544544e-02  8.090174832547981e-01  3.272546441059637e-01  1.727453089159833e-01  5.000000000000000e-01
1.2000  1.513652898769559e-01  3.090179085596627e-01  4.774603390529403e-02  4.522539148459211e-01  5.000000000000000e-01
1.3000  1.513653894259458e-01  -3.090159696948940e-01  4.774543476323783e-02  4.522545097172455e-01  5.000000000000000e-01
1.4000  9.354906968193093e-02  -8.090162754206395e-01  3.272536669477420e-01  1.727462732620096e-01  5.000000000000000e-01
1.5000  1.945435573556115e-07  -9.999999359382706e-01  4.999999359382727e-01  7.470736986685056e-13  5.000000000000000e-01
1.6000  -9.354875410477946e-02  -8.090177054726811e-01  3.272548238841410e-01  1.727451077841469e-01  5.000000000000000e-01
1.7000  -1.513652666055916e-01  -3.090182894698454e-01  4.774615161343460e-02  4.522537757841215e-01  5.000000000000000e-01
1.8000  -1.513654062327508e-01  3.090155755871189e-01  4.774531297771920e-02  4.522546101491052e-01  5.000000000000000e-01
1.9000  -9.354912014727826e-02  8.090160186510086e-01  3.272534592169645e-01  1.727464596391283e-01  5.000000000000000e-01
2.0000  -2.593914042361284e-07  9.999999145840295e-01  4.999999145840331e-01  1.328130962802442e-12  5.000000000000000e-01
2.1000  9.354869964410029e-02  8.090179276904200e-01  3.272550036622509e-01  1.727449066523789e-01  5.000000000000000e-01
2.2000  1.513652433342031e-01  3.090186703799606e-01  4.774626932169936e-02  4.522536367221987e-01  5.000000000000000e-01
2.3000  1.513654230395300e-01  -3.090151814793092e-01  4.774519119234521e-02  4.522547105808215e-01  5.000000000000000e-01
2.4000  9.354917061260790e-02  -8.090157618812539e-01  3.272532514861529e-01  1.727466460162821e-01  5.000000000000000e-01
2.5000  3.242392483705780e-07  -9.999998932296226e-01  4.999998932296283e-01  2.075204540741027e-12  5.000000000000000e-01
2.6000  -9.354864518340779e-02  -8.090181499080147e-01  3.272551834402935e-01  1.727447055206787e-01  5.000000000000000e-01
2.7000  -1.513652200627903e-01  -3.090190512900080e-01  4.774638703008828e-02  4.522534976601524e-01  5.000000000000000e-01
2.8000  -1.513654398462831e-01  3.090147873714648e-01  4.774506940711581e-02  4.522548110123938e-01  5.000000000000000e-01
2.9000  -9.354922107791983e-02  8.090155051113758e-01  3.272530437553072e-01  1.727468323934712e-01  5.000000000000000e-01
3.0000  -3.890870897364090e-07  9.999998718750506e-01  4.999998718750588e-01  2.988294411047317e-12  5.000000000000000e-01
3.1000  9.354859072270209e-02  8.090183721254652e-01  3.272553632182689e-01  1.727445043890469e-01  5.000000000000000e-01
3.2000  1.513651967913534e-01  3.090194321999876e-01  4.774650473860137e-02  4.522533585979832e-01  5.000000000000000e-01
3.3000  1.513654566530104e-01  -3.090143932635858e-01  4.774494762203102e-02  4.522549114438225e-01  5.000000000000000e-01
3.4000  9.354927154321400e-02  -8.090152483413735e-01  3.272528360244271e-01  1.727470187706952e-01  5.000000000000000e-01
3.5000  4.539349283388255e-07  -9.999998505203125e-01  4.999998505203236e-01  4.067400552550836e-12  5.000000000000000e-01
3.6000  -9.354853626198310e-02  -8.090185943427717e-01  3.272555429961771e-01  1.727443032574831e-01  5.000000000000000e-01
3.7000  -1.513651735198923e-01  -3.090198131098997e-01  4.774662244723868e-02  4.522532195356905e-01  5.000000000000000e-01
3.8000  -1.513654734597118e-01  3.090139991556721e-01  4.774482583709087e-02  4.522550118751074e-01  5.000000000000000e-01
3.9000  -9.354932200849043e-02  8.090149915712478e-01  3.272526282935130e-01  1.727472051479542e-01  5.000000000000000e-01
4.0000  -5.187827641587456e-07  9.999998291654093e-01  4.999998291654239e-01  5.312522943636999e-12  5.000000000000000e-01
4.1000  9.354848180125093e-02  8.090188165599339e-01  3.272557227740180e-01  1.727441021259877e-01  5.000000000000000e-01
4.2000  1.513651502484070e-01  3.090201940197440e-01  4.774674015600010e-02  4.522530804732751e-01  5.000000000000000e-01
4.3000  1.513654902663872e-01  -3.090136050477240e-01  4.774470405229538e-02  4.522551123062489e-01  5.000000000000000e-01
4.4000  9.354937247374920e-02  -8.090147348009984e-01  3.272524205625649e-01  1.727473915252485e-01  5.000000000000000e-01
4.5000  5.836305972325984e-07  -9.999998078103405e-01  4.999998078103590e-01  6.723661563774843e-12  5.000000000000000e-01
4.6000  -9.354842734050545e-02  -8.090190387769518e-01  3.272559025517915e-01  1.727439009945602e-01  5.000000000000000e-01
4.7000  -1.513651269768974e-01  -3.090205749295206e-01  4.774685786488572e-02  4.522529414107356e-01  5.000000000000000e-01
4.8000  -1.513655070730367e-01  3.090132109397410e-01  4.774458226764443e-02  4.522552127372461e-01  5.000000000000000e-01
4.9000  -9.354942293899017e-02  8.090144780306250e-01  3.272522128315823e-01  1.727475779025776e-01  5.000000000000000e-01
5.0000  -6.484784275291589e-07  9.999997864551059e-01  4.999997864551287e-01  8.300816391074443e-12  5.000000000000000e-01
5.1000  9.354837287974675e-02  8.090192609938259e-01  3.272560823294981e-01  1.727436998632011e-01  5.000000000000000e-01
5.2000  1.513651037053637e-01  3.090209558392294e-01  4.774697557389548e-02  4.522528023480731e-01  5.000000000000000e-01
5.3000  1.513655238796603e-01  -3.090128168317235e-01  4.774446048313816e-02  4.522553131681001e-01  5.000000000000000e-01
5.4000  9.354947340421349e-02  -8.090142212601282e-01  3.272520051005658e-01  1.727477642799421e-01  5.000000000000000e-01
5.5000  7.133262550675090e-07  -9.999997650997061e-01  4.999997650997337e-01  1.004398740474281e-11  5.000000000000000e-01
5.6000  -9.354831841897480e-02  -8.090194832105557e-01  3.272562621071373e-01  1.727434987319100e-01  5.000000000000000e-01
5.7000  -1.513650804338057e-01  -3.090213367488707e-01  4.774709328302947e-02  4.522526632852874e-01  5.000000000000000e-01
5.8000  -1.513655406862580e-01  3.090124227236713e-01  4.774433869877646e-02  4.522554135988101e-01  5.000000000000000e-01
5.9000  -9.354952386941905e-02  8.090139644895074e-01  3.272517973695149e-01  1.727479506573416e-01  5.000000000000000e-01
6.0000  -7.781740798597919e-07  9.999997437441402e-01  4.999997437441731e-01  1.195317458396920e-11  5.000000000000000e-01
6.1000  9.354826395818955e-02  8.090197054271412e-01  3.272564418847091e-01  1.727432976006870e-01  5.000000000000000e-01
6.2000  1.513650571622236e-01  3.090217176584443e-01  4.774721099228764e-02  4.522525242223784e-01  5.000000000000000e-01
6.3000  1.513655574928298e-01  -3.090120286155844e-01  4.774421691455936e-02  4.522555140293764e-01  5.000000000000000e-01
6.4000  9.354957433460689e-02  -8.090137077187629e-01  3.272515896384300e-01  1.727481370347761e-01  5.000000000000000e-01
6.5000  8.430219018973339e-07  -9.999997223884091e-01  4.999997223884476e-01  1.402837790737441e-11  5.000000000000000e-01
6.6000  -9.354820949739105e-02  -8.090199276435829e-01  3.272566216622140e-01  1.727430964695321e-01  5.000000000000000e-01
6.7000  -1.513650338906172e-01  -3.090220985679504e-01  4.774732870167002e-02  4.522523851593461e-01  5.000000000000000e-01
6.8000  -1.513655742993757e-01  3.090116345074629e-01  4.774409513048691e-02  4.522556144597993e-01  5.000000000000000e-01
6.9000  -9.354962479977696e-02  8.090134509478946e-01  3.272513819073107e-01  1.727483234122456e-01  5.000000000000000e-01
7.0000  -9.078697211107462e-07  9.999997010325122e-01  4.999997010325569e-01  1.626959735131429e-11  5.000000000000000e-01
7.1000  9.354815503657934e-02  8.090201498598799e-01  3.272568014396513e-01  1.727428953384455e-01  5.000000000000000e-01
7.2000  1.513650106189866e-01  3.090224794773884e-01  4.774744641117646e-02  4.522522460961906e-01  5.000000000000000e-01
7.3000  1.513655911058956e-01  -3.090112403993071e-01  4.774397334655917e-02  4.522557148900784e-01  5.000000000000000e-01
7.4000  9.354967526492933e-02  -8.090131941769030e-01  3.272511741761577e-01  1.727485097897501e-01  5.000000000000000e-01
7.5000  9.727175375416619e-07  -9.999996796764501e-01  4.999996796765014e-01  1.867683289569757e-11  5.000000000000000e-01
7.6000  -9.354810057575444e-02  -8.090203720760331e-01  3.272569812170215e-01  1.727426942074272e-01  5.000000000000000e-01
7.7000  -1.513649873473319e-01  -3.090228603867586e-01  4.774756412080704e-02  4.522521070329125e-01  5.000000000000000e-01
7.8000  -1.513656079123897e-01  3.090108462911167e-01  4.774385156277609e-02  4.522558153202138e-01  5.000000000000000e-01
7.9000  -9.354972573006398e-02  8.090129374057879e-01  3.272509664449707e-01  1.727486961672899e-01  5.000000000000000e-01
8.0000  -1.037565351184877e-06  9.999996583202229e-01  4.999996583202813e-01  2.125008451894075e-11  5.000000000000000e-01
8.1000  9.354804611491634e-02  8.090205942920423e-01  3.272571609943247e-01  1.727424930764774e-01  5.000000000000000e-01
8.2000  1.513649640756530e-01  3.090232412960613e-01  4.774768183056188e-02  4.522519679695108e-01  5.000000000000000e-01
8.3000  1.513656247188578e-01  -3.090104521828916e-01  4.774372977913757e-02  4.522559157502055e-01  5.000000000000000e-01
8.4000  9.354977619518089e-02  -8.090126806345486e-01  3.272507587137490e-01  1.727488825448646e-01  5.000000000000000e-01
8.5000  1.102413162123658e-06  -9.999996369638291e-01  4.999996369638950e-01  2.398935220325743e-11  5.000000000000000e-01
8.6000  -9.354799165406483e-02  -8.090208165079068e-01  3.272573407715601e-01  1.727422919455951e-01  5.000000000000000e-01
8.7000  -1.513649408039498e-01  -3.090236222052963e-01  4.774779954044084e-02  4.522518289059852e-01  5.000000000000000e-01
8.8000  -1.513656415253000e-01  3.090100580746318e-01  4.774360799564365e-02  4.522560161800535e-01  5.000000000000000e-01
8.9000  -9.354982666028011e-02  8.090124238631858e-01  3.272505509824935e-01  1.727490689224746e-01  5.000000000000000e-01
9.0000  -1.167260970292086e-06  9.999996156072705e-01  4.999996156073443e-01  2.689463592483917e-11  5.000000000000000e-01
9.1000  9.354793719320015e-02  8.090210387236276e-01  3.272575205487287e-01  1.727420908147813e-01  5.000000000000000e-01
9.2000  1.513649175322224e-01  3.090240031144635e-01  4.774791725044399e-02  4.522516898423367e-01  5.000000000000000e-01
9.3000  1.513656583317163e-01  -3.090096639663373e-01  4.774348621229436e-02  4.522561166097575e-01  5.000000000000000e-01
9.4000  9.354987712536153e-02  -8.090121670916990e-01  3.272503432512036e-01  1.727492553001193e-01  5.000000000000000e-01
9.5000  1.232108775662405e-06  -9.999995942505456e-01  4.999995942506280e-01  2.996593566105884e-11  5.000000000000000e-01
9.6000  -9.354788273232220e-02  -8.090212609392038e-01  3.272577003258296e-01  1.727418896840355e-01  5.000000000000000e-01
9.7000  -1.513648942604708e-01  -3.090243840235630e-01  4.774803496057128e-02  4.522515507785650e-01  5.000000000000000e-01
9.8000  -1.513656751381067e-01  3.090092698580083e-01  4.774336442908968e-02  4.522562170393178e-01  5.000000000000000e-01
9.9000  -9.354992759042526e-02  8.090119103200887e-01  3.272501355198796e-01  1.727494416777992e-01  5.000000000000000e-01
10.0000  -1.296956578269309e-06  9.999995728936557e-01  4.999995728937469e-01  3.320325139220263e-11  5.000000000000000e-01
10.1000  9.354782827143100e-02  8.090214831546360e-01  3.272578801028634e-01  1.727416885533579e-01  5.000000000000000e-01
10.2000  1.513648709886950e-01  3.090247649325948e-01  4.774815267082273e-02  4.522514117146699e-01  5.000000000000000e-01
10.3000  1.513656919444711e-01  -3.090088757496446e-01  4.774324264602966e-02  4.522563174687342e-01  5.000000000000000e-01
10.4000  9.354997805547122e-02  -8.090116535483546e-01  3.272499277885215e-01  1.727496280555141e-01  5.000000000000000e-01
10.5000  1.361804378071166e-06  -9.999995515365999e-01  4.999995515367005e-01  3.660658309480850e-11  5.000000000000000e-01
10.6000  -9.354777381052660e-02  -8.090217053699240e-01  3.272580598798301e-01  1.727414874227486e-01  5.000000000000000e-01
10.7000  -1.513648477168951e-01  -3.090251458415589e-01  4.774827038119837e-02  4.522512726506520e-01  5.000000000000000e-01
10.8000  -1.513657087508097e-01  3.090084816412465e-01  4.774312086311429e-02  4.522564178980074e-01  5.000000000000000e-01
10.9000  -9.355002852049948e-02  8.090113967764967e-01  3.272497200571291e-01  1.727498144332642e-01  5.000000000000000e-01
11.0000  -1.426652175156445e-06  9.999995301793787e-01  4.999995301794891e-01  4.017593075231578e-11  5.000000000000000e-01
11.1000  9.354771934960890e-02  8.090219275850679e-01  3.272582396567294e-01  1.727412862922073e-01  5.000000000000000e-01
11.2000  1.513648244450709e-01  3.090255267504552e-01  4.774838809169815e-02  4.522511335865104e-01  5.000000000000000e-01
11.3000  1.513657255571223e-01  -3.090080875328137e-01  4.774299908034352e-02  4.522565183271366e-01  5.000000000000000e-01
11.4000  9.355007898551004e-02  -8.090111400045151e-01  3.272495123257026e-01  1.727500008110494e-01  5.000000000000000e-01
11.5000  1.491499969474841e-06  -9.999995088219920e-01  4.999995088221126e-01  4.391129434089829e-11  5.000000000000000e-01
11.6000  -9.354766488867797e-02  -8.090221498000676e-01  3.272584194335615e-01  1.727410851617342e-01  5.000000000000000e-01
11.7000  -1.513648011732225e-01  -3.090259076592840e-01  4.774850580232216e-02  4.522509945222455e-01  5.000000000000000e-01
11.8000  -1.513657423634089e-01  3.090076934243460e-01  4.774287729771730e-02  4.522566187561220e-01  5.000000000000000e-01
11.9000  -9.355012945050281e-02  8.090108832324096e-01  3.272493045942417e-01  1.727501871888694e-01  5.000000000000000e-01
12.0000  -1.556347761002067e-06  9.999994874644392e-01  4.999994874645706e-01  4.781267383781340e-11  5.000000000000000e-01
12.1000  9.354761042773373e-02  8.090223720149229e-01  3.272585992103261e-01  1.727408840313291e-01  5.000000000000000e-01
12.2000  1.513647779013498e-01  3.090262885680449e-01  4.774862351307028e-02  4.522508554578572e-01  5.000000000000000e-01
12.3000  1.513657591696697e-01  -3.090072993158439e-01  4.774275551523578e-02  4.522567191849640e-01  5.000000000000000e-01
12.4000  9.355017991547793e-02  -8.090106264601810e-01  3.272490968627472e-01  1.727503735667248e-01  5.000000000000000e-01
12.5000  1.621195549764143e-06  -9.999994661067215e-01  4.999994661068640e-01  5.188006922328961e-11  5.000000000000000e-01
12.6000  -9.354755596677633e-02  -8.090225942296344e-01  3.272587789870238e-01  1.727406829009925e-01  5.000000000000000e-01
12.7000  -1.513647546294530e-01  -3.090266694767383e-01  4.774874122394263e-02  4.522507163933460e-01  5.000000000000000e-01
12.8000  -1.513657759759046e-01  3.090069052073071e-01  4.774263373289885e-02  4.522568196136622e-01  5.000000000000000e-01
12.9000  -9.355023038043528e-02  8.090103696878282e-01  3.272488891312182e-01  1.727505599446151e-01  5.000000000000000e-01
13.0000  -1.686043335769744e-06  9.999994447488383e-01  4.999994447489924e-01  5.611348047666716e-11  5.000000000000000e-01
13.1000  9.354750150580567e-02  8.090228164442019e-01  3.272589587636544e-01  1.727404817707240e-01  5.000000000000000e-01
13.2000  1.513647313575320e-01  3.090270503853640e-01  4.774885893493915e-02  4.522505773287118e-01  5.000000000000000e-01
13.3000  1.513657927821136e-01  -3.090065110987358e-01  4.774251195070656e-02  4.522569200422168e-01  5.000000000000000e-01
13.4000  9.355028084537491e-02  -8.090101129153517e-01  3.272486813996551e-01  1.727507463225406e-01  5.000000000000000e-01
13.5000  1.750891119022338e-06  -9.999994233907891e-01  4.999994233909553e-01  6.051290757701541e-11  5.000000000000000e-01
13.6000  -9.354744704482169e-02  -8.090230386586249e-01  3.272591385402174e-01  1.727402806405234e-01  5.000000000000000e-01
13.7000  -1.513647080855868e-01  -3.090274312939220e-01  4.774897664605983e-02  4.522504382639537e-01  5.000000000000000e-01
13.8000  -1.513658095882967e-01  3.090061169901297e-01  4.774239016865886e-02  4.522570204706274e-01  5.000000000000000e-01
13.9000  -9.355033131029683e-02  8.090098561427519e-01  3.272484736680580e-01  1.727509327005011e-01  5.000000000000000e-01
14.0000  -1.815738899462946e-06  9.999994020325749e-01  4.999994020327537e-01  6.507835049896265e-11  5.000000000000000e-01
14.1000  9.354739258382457e-02  8.090232608729040e-01  3.272593183167135e-01  1.727400795103914e-01  5.000000000000000e-01
14.2000  1.513646848136174e-01  3.090278122024121e-01  4.774909435730464e-02  4.522502991990731e-01  5.000000000000000e-01
14.3000  1.513658263944538e-01  -3.090057228814895e-01  4.774226838675594e-02  4.522571208988948e-01  5.000000000000000e-01
14.4000  9.355038177520099e-02  -8.090095993700283e-01  3.272482659364268e-01  1.727511190784966e-01  5.000000000000000e-01
14.5000  1.880586677119322e-06  -9.999993806741948e-01  4.999993806743866e-01  6.980980922297277e-11  5.000000000000000e-01
14.6000  -9.354733812281418e-02  -8.090234830870386e-01  3.272594980931420e-01  1.727398783803274e-01  5.000000000000000e-01
14.7000  -1.513646615416238e-01  -3.090281931108346e-01  4.774921206867365e-02  4.522501601340689e-01  5.000000000000000e-01
14.8000  -1.513658432005851e-01  3.090053287728143e-01  4.774214660499754e-02  4.522572213270184e-01  5.000000000000000e-01
14.9000  -9.355043224008748e-02  8.090093425971814e-01  3.272480582047618e-01  1.727513054565274e-01  5.000000000000000e-01
15.0000  -1.945434452005346e-06  9.999993593156499e-01  4.999993593158551e-01  7.470728372872797e-11  5.000000000000000e-01
15.1000  9.354728366179063e-02  8.090237053010296e-01  3.272596778695036e-01  1.727396772503320e-01  5.000000000000000e-01
15.2000  1.513646382696061e-01  3.090285740191890e-01  4.774932978016670e-02  4.522500210689423e-01  5.000000000000000e-01
15.3000  1.513658600066904e-01  -3.090049346641052e-01  4.774202482338397e-02  4.522573217549983e-01  5.000000000000000e-01
15.4000  9.355048270495619e-02  -8.090090858242105e-01  3.272478504730624e-01  1.727514918345930e-01  5.000000000000000e-01
15.5000  2.010282224136628e-06  -9.999993379569390e-01  4.999993379571581e-01  7.977077399619026e-11  5.000000000000000e-01
15.6000  -9.354722920075374e-02  -8.090239275148764e-01  3.272598576457980e-01  1.727394761204043e-01  5.000000000000000e-01
15.7000  -1.513646149975641e-01  -3.090289549274764e-01  4.774944749178412e-02  4.522498820036916e-01  5.000000000000000e-01
15.8000  -1.513658768127699e-01  3.090045405553607e-01  4.774190304191478e-02  4.522574221828344e-01  5.000000000000000e-01
15.9000  -9.355053316980722e-02  8.090088290511156e-01  3.272476427413286e-01  1.727516782126939e-01  5.000000000000000e-01
16.0000  -2.075129993535721e-06  9.999993165980622e-01  4.999993165982957e-01  8.500028000604998e-11  5.000000000000000e-01
16.1000  9.354717473970357e-02  8.090241497285786e-01  3.272600374220248e-01  1.727392749905447e-01  5.000000000000000e-01
16.2000  1.513645917254979e-01  3.090293358356956e-01  4.774956520352557e-02  4.522497429383175e-01  5.000000000000000e-01
16.3000  1.513658936188234e-01  -3.090041464465819e-01  4.774178126059032e-02  4.522575226105266e-01  5.000000000000000e-01
16.4000  9.355058363464046e-02  -8.090085722778974e-01  3.272474350095609e-01  1.727518645908296e-01  5.000000000000000e-01
16.5000  2.139977760084663e-06  -9.999992952390203e-01  4.999992952392687e-01  9.039580172735751e-11  5.000000000000000e-01
16.6000  -9.354712027864025e-02  -8.090243719421368e-01  3.272602171981845e-01  1.727390738607537e-01  5.000000000000000e-01
16.7000  -1.513645684534075e-01  -3.090297167438470e-01  4.774968291539117e-02  4.522496038728209e-01  5.000000000000000e-01
16.8000  -1.513659104248510e-01  3.090037523377687e-01  4.774165947941055e-02  4.522576230380754e-01  5.000000000000000e-01
16.9000  -9.355063409945598e-02  8.090083155045554e-01  3.272472272777592e-01  1.727520509690005e-01  5.000000000000000e-01
17.0000  -2.204825523918763e-06  9.999992738798125e-01  4.999992738800761e-01  9.595733915000056e-11  5.000000000000000e-01
17.1000  9.354706581756364e-02  8.090245941555508e-01  3.272603969742769e-01  1.727388727310306e-01  5.000000000000000e-01
17.2000  1.513645451812929e-01  3.090300976519308e-01  4.774980062738095e-02  4.522494648072006e-01  5.000000000000000e-01
17.3000  1.513659272308526e-01  -3.090033582289207e-01  4.774153769837535e-02  4.522577234654802e-01  5.000000000000000e-01
17.4000  9.355068456425381e-02  -8.090080587310898e-01  3.272470195459232e-01  1.727522373472065e-01  5.000000000000000e-01
17.5000  2.269673284944346e-06  -9.999992525204395e-01  4.999992525207189e-01  1.016848922447349e-10  5.000000000000000e-01
17.6000  -9.354701135647381e-02  -8.090248163688206e-01  3.272605767503020e-01  1.727386716013758e-01  5.000000000000000e-01
17.7000  -1.513645219091541e-01  -3.090304785599471e-01  4.774991833949496e-02  4.522493257414571e-01  5.000000000000000e-01
17.8000  -1.513659440368283e-01  3.090029641200380e-01  4.774141591748476e-02  4.522578238927413e-01  5.000000000000000e-01
17.9000  -9.355073502903390e-02  8.090078019575001e-01  3.272468118140529e-01  1.727524237254476e-01  5.000000000000000e-01
18.0000  -2.334521043242943e-06  9.999992311609006e-01  4.999992311611962e-01  1.075784609975046e-10  5.000000000000000e-01
18.1000  9.354695689537067e-02  8.090250385819462e-01  3.272607565262597e-01  1.727384704717890e-01  5.000000000000000e-01
18.2000  1.513644986369911e-01  3.090308594678954e-01  4.775003605173307e-02  4.522491866755898e-01  5.000000000000000e-01
18.3000  1.513659608427781e-01  -3.090025700111205e-01  4.774129413673872e-02  4.522579243198582e-01  5.000000000000000e-01
18.4000  9.355078549379617e-02  -8.090075451837864e-01  3.272466040821481e-01  1.727526101037233e-01  5.000000000000000e-01
18.5000  2.399368798752105e-06  -9.999992098011956e-01  4.999992098015078e-01  1.136380453814503e-10  5.000000000000000e-01
18.6000  -9.354690243425426e-02  -8.090252607949275e-01  3.272609363021503e-01  1.727382693422702e-01  5.000000000000000e-01
18.7000  -1.513644753648038e-01  -3.090312403757763e-01  4.775015376409541e-02  4.522490476095995e-01  5.000000000000000e-01
18.8000  -1.513659776487020e-01  3.090021759021685e-01  4.774117235613734e-02  4.522580247468319e-01  5.000000000000000e-01
18.9000  -9.355083595854080e-02  8.090072884099492e-01  3.272463963502094e-01  1.727527964820345e-01  5.000000000000000e-01
19.0000  -2.464216551516935e-06  9.999991884413255e-01  4.999991884416548e-01  1.198636453795361e-10  5.000000000000000e-01
19.1000  9.354684797312461e-02  8.090254830077647e-01  3.272611160779735e-01  1.727380682128197e-01  5.000000000000000e-01
19.2000  1.513644520925924e-01  3.090316212835893e-01  4.775027147658188e-02  4.522489085434861e-01  5.000000000000000e-01
19.3000  1.513659944546000e-01  -3.090017817931819e-01  4.774105057568061e-02  4.522581251736620e-01  5.000000000000000e-01
19.4000  9.355088642326771e-02  -8.090070316359884e-01  3.272461886182366e-01  1.727529828603808e-01  5.000000000000000e-01
19.5000  2.529064301520084e-06  -9.999991670812900e-01  4.999991670816369e-01  1.262552609689528e-10  5.000000000000000e-01
19.6000  -9.354679351198174e-02  -8.090257052204580e-01  3.272612958537297e-01  1.727378670834374e-01  5.000000000000000e-01
19.7000  -1.513644288203567e-01  -3.090320021913348e-01  4.775038918919258e-02  4.522487694772495e-01  5.000000000000000e-01
19.8000  -1.513660112604721e-01  3.090013876841607e-01  4.774092879536850e-02  4.522582256003487e-01  5.000000000000000e-01
19.9000  -9.355093688797690e-02  8.090067748619042e-01  3.272459808862299e-01  1.727531692387621e-01  5.000000000000000e-01
20.0000  -2.593912048737268e-06  9.999991457210893e-01  4.999991457214542e-01  1.328128921260029e-10  5.000000000000000e-01
20.1000  9.354673905082565e-02  8.090259274330073e-01  3.272614756294188e-01  1.727376659541234e-01  5.000000000000000e-01
20.2000  1.513644055480969e-01  3.090323830990124e-01  4.775050690192739e-02  4.522486304108897e-01  5.000000000000000e-01
20.3000  1.513660280663183e-01  -3.090009935751049e-01  4.774080701520101e-02  4.522583260268911e-01  5.000000000000000e-01
20.4000  9.355098735266835e-02  -8.090065180876960e-01  3.272457731541888e-01  1.727533556171785e-01  5.000000000000000e-01
20.5000  2.658759793203180e-06  -9.999991243607226e-01  4.999991243611059e-01  1.395365388329314e-10  5.000000000000000e-01
20.6000  -9.354668458965625e-02  -8.090261496454121e-01  3.272616554050404e-01  1.727374648248773e-01  5.000000000000000e-01
20.7000  -1.513643822758128e-01  -3.090327640066228e-01  4.775062461478650e-02  4.522484913444064e-01  5.000000000000000e-01
20.8000  -1.513660448721385e-01  3.090005994660140e-01  4.774068523517802e-02  4.522584264532898e-01  5.000000000000000e-01
20.9000  -9.355103781734207e-02  8.090062613133637e-01  3.272455654221133e-01  1.727535419956300e-01  5.000000000000000e-01
21.0000  -2.723607534912617e-06  9.999991030001900e-01  4.999991030005923e-01  1.464262010680480e-10  5.000000000000000e-01
21.1000  9.354663012847358e-02  8.090263718576725e-01  3.272618351805944e-01  1.727372636956994e-01  5.000000000000000e-01
21.2000  1.513643590035045e-01  3.090331449141648e-01  4.775074232776959e-02  4.522483522777996e-01  5.000000000000000e-01
21.3000  1.513660616779328e-01  -3.090002053568892e-01  4.774056345529983e-02  4.522585268795447e-01  5.000000000000000e-01
21.4000  9.355108828199800e-02  -8.090060045389080e-01  3.272453576900038e-01  1.727537283741162e-01  5.000000000000000e-01
21.5000  2.788455273797924e-06  -9.999990816394920e-01  4.999990816399137e-01  1.534818788027347e-10  5.000000000000000e-01
21.6000  -9.354657566727773e-02  -8.090265940697888e-01  3.272620149560814e-01  1.727370625665898e-01  5.000000000000000e-01
21.7000  -1.513643357311721e-01  -3.090335258216392e-01  4.775086004087688e-02  4.522482132110700e-01  5.000000000000000e-01
21.8000  -1.513660784837012e-01  3.089998112477297e-01  4.774044167556628e-02  4.522586273056564e-01  5.000000000000000e-01
21.9000  -9.355113874663633e-02  8.090057477643291e-01  3.272451499578606e-01  1.727539147526380e-01  5.000000000000000e-01
22.0000  -2.853303009954511e-06  9.999990602786292e-01  4.999990602790707e-01  1.607035720260488e-10  5.000000000000000e-01
22.1000  9.354652120606867e-02  8.090268162817615e-01  3.272621947315016e-01  1.727368614375485e-01  5.000000000000000e-01
22.2000  1.513643124588155e-01  3.090339067290462e-01  4.775097775410842e-02  4.522480741442174e-01  5.000000000000000e-01
22.3000  1.513660952894438e-01  -3.089994171385353e-01  4.774031989597727e-02  4.522587277316243e-01  5.000000000000000e-01
22.4000  9.355118921125685e-02  -8.090054909896258e-01  3.272449422256828e-01  1.727541011311946e-01  5.000000000000000e-01
22.5000  2.918150743326867e-06  -9.999990389176002e-01  4.999990389180621e-01  1.680912807106379e-10  5.000000000000000e-01
22.6000  -9.354646674484630e-02  -8.090270384935898e-01  3.272623745068542e-01  1.727366603085752e-01  5.000000000000000e-01
22.7000  -1.513642891864347e-01  -3.090342876363854e-01  4.775109546746410e-02  4.522479350772415e-01  5.000000000000000e-01
22.8000  -1.513661120951605e-01  3.089990230293067e-01  4.774019811653301e-02  4.522588281574489e-01  5.000000000000000e-01
22.9000  -9.355123967585971e-02  8.090052342147999e-01  3.272447344934716e-01  1.727542875097865e-01  5.000000000000000e-01
23.0000  -2.982998473914991e-06  9.999990175564064e-01  4.999990175568890e-01  1.756450048351183e-10  5.000000000000000e-01
23.1000  9.354641228361076e-02  8.090272607052740e-01  3.272625542821397e-01  1.727364591796703e-01  5.000000000000000e-01
23.2000  1.513642659140296e-01  3.090346685436567e-01  4.775121318094389e-02  4.522477960101424e-01  5.000000000000000e-01
23.3000  1.513661289008511e-01  -3.089986289200434e-01  4.774007633723333e-02  4.522589285831290e-01  5.000000000000000e-01
23.4000  9.355129014044473e-02  -8.090049774398493e-01  3.272445267612256e-01  1.727544738884130e-01  5.000000000000000e-01
23.5000  3.047846201718885e-06  -9.999989961950464e-01  4.999989961955502e-01  1.833647443781066e-10  5.000000000000000e-01
23.6000  -9.354635782236193e-02  -8.090274829168139e-01  3.272627340573578e-01  1.727362580508335e-01  5.000000000000000e-01
23.7000  -1.513642426416004e-01  -3.090350494508605e-01  4.775133089454790e-02  4.522476569429197e-01  5.000000000000000e-01
23.8000  -1.513661457065159e-01  3.089982348107454e-01  4.773995455807827e-02  4.522590290086657e-01  5.000000000000000e-01
23.9000  -9.355134060501206e-02  8.090047206647752e-01  3.272443190289455e-01  1.727546602670748e-01  5.000000000000000e-01
24.0000  -3.112693926745486e-06  9.999989748335208e-01  4.999989748340463e-01  1.912504993190717e-10  5.000000000000000e-01
24.1000  9.354630336109988e-02  8.090277051282094e-01  3.272629138325085e-01  1.727360569220650e-01  5.000000000000000e-01
24.2000  1.513642193691469e-01  3.090354303579961e-01  4.775144860827594e-02  4.522475178755738e-01  5.000000000000000e-01
24.3000  1.513661625121547e-01  -3.089978407014130e-01  4.773983277906789e-02  4.522591294340584e-01  5.000000000000000e-01
24.4000  9.355139106956167e-02  -8.090044638895775e-01  3.272441112966313e-01  1.727548466457716e-01  5.000000000000000e-01
24.5000  3.177541649045101e-06  -9.999989534718297e-01  4.999989534723773e-01  1.993022696429941e-10  5.000000000000000e-01
24.6000  -9.354624889982452e-02  -8.090279273394606e-01  3.272630936075918e-01  1.727358557933643e-01  5.000000000000000e-01
24.7000  -1.513641960966692e-01  -3.090358112650643e-01  4.775156632212822e-02  4.522473788081044e-01  5.000000000000000e-01
24.8000  -1.513661793177676e-01  3.089974465920455e-01  4.773971100020202e-02  4.522592298593073e-01  5.000000000000000e-01
24.9000  -9.355144153409348e-02  8.090042071142557e-01  3.272439035642827e-01  1.727550330245032e-01  5.000000000000000e-01
25.0000  -3.242389368510179e-06  9.999989321099726e-01  4.999989321105428e-01  2.075200553151625e-10  5.000000000000000e-01
25.1000  9.354619443853593e-02  8.090281495505677e-01  3.272632733826079e-01  1.727356546647319e-01  5.000000000000000e-01
25.2000  1.513641728241673e-01  3.090361921720646e-01  4.775168403610463e-02  4.522472397405118e-01  5.000000000000000e-01
25.3000  1.513661961233545e-01  -3.089970524826439e-01  4.773958922148088e-02  4.522593302844125e-01  5.000000000000000e-01
25.4000  9.355149199860759e-02  -8.090039503388105e-01  3.272436958319002e-01  1.727552194032700e-01  5.000000000000000e-01
25.5000  3.307237085230924e-06  -9.999989107479501e-01  4.999989107485434e-01  2.159038563255847e-10  5.000000000000000e-01
25.6000  -9.354613997723411e-02  -8.090283717615304e-01  3.272634531575566e-01  1.727354535361678e-01  5.000000000000000e-01
25.7000  -1.513641495516412e-01  -3.090365730789972e-01  4.775180175020520e-02  4.522471006727961e-01  5.000000000000000e-01
25.8000  -1.513662129289156e-01  3.089966583732073e-01  4.773946744290430e-02  4.522594307093740e-01  5.000000000000000e-01
25.9000  -9.355154246310399e-02  8.090036935632413e-01  3.272434880994834e-01  1.727554057820720e-01  5.000000000000000e-01
26.0000  -3.372084799217745e-06  9.999988893857621e-01  4.999988893863788e-01  2.244536726545690e-10  5.000000000000000e-01
26.1000  9.354608551591899e-02  8.090285939723492e-01  3.272636329324381e-01  1.727352524076715e-01  5.000000000000000e-01
26.2000  1.513641262790909e-01  3.090369539858622e-01  4.775191946442995e-02  4.522469616049571e-01  5.000000000000000e-01
26.3000  1.513662297344507e-01  -3.089962642637364e-01  4.773934566447240e-02  4.522595311341919e-01  5.000000000000000e-01
26.4000  9.355159292758267e-02  -8.090034367875486e-01  3.272432803670326e-01  1.727555921609090e-01  5.000000000000000e-01
26.5000  3.436932510399518e-06  -9.999988680234086e-01  4.999988680240494e-01  2.331695042714679e-10  5.000000000000000e-01
26.6000  -9.354603105459067e-02  -8.090288161830238e-01  3.272638127072525e-01  1.727350512792437e-01  5.000000000000000e-01
26.7000  -1.513641030065163e-01  -3.090373348926595e-01  4.775203717877889e-02  4.522468225369947e-01  5.000000000000000e-01
26.8000  -1.513662465399599e-01  3.089958701542306e-01  4.773922388618506e-02  4.522596315588657e-01  5.000000000000000e-01
26.9000  -9.355164339204357e-02  8.090031800117317e-01  3.272430726345472e-01  1.727557785397809e-01  5.000000000000000e-01
27.0000  -3.501780218830020e-06  9.999988466608892e-01  4.999988466615543e-01  2.420513511621722e-10  5.000000000000000e-01
27.1000  9.354597659324906e-02  8.090290383935541e-01  3.272639924819994e-01  1.727348501508839e-01  5.000000000000000e-01
27.2000  1.513640797339177e-01  3.090377157993891e-01  4.775215489325199e-02  4.522466834689093e-01  5.000000000000000e-01
27.3000  1.513662633454433e-01  -3.089954760446905e-01  4.773910210804244e-02  4.522597319833966e-01  5.000000000000000e-01
27.4000  9.355169385648684e-02  -8.090029232357921e-01  3.272428649020285e-01  1.727559649186883e-01  5.000000000000000e-01
27.5000  3.566627924467616e-06  -9.999988252982053e-01  4.999988252988952e-01  2.510992132996892e-10  5.000000000000000e-01
27.6000  -9.354592213189432e-02  -8.090292606039409e-01  3.272641722566796e-01  1.727346490225926e-01  5.000000000000000e-01
27.7000  -1.513640564612948e-01  -3.090380967060510e-01  4.775227260784926e-02  4.522465444007009e-01  5.000000000000000e-01
27.8000  -1.513662801509008e-01  3.089950819351158e-01  4.773898033004445e-02  4.522598324077836e-01  5.000000000000000e-01
27.9000  -9.355174432091234e-02  8.090026664597284e-01  3.272426571694753e-01  1.727561512976305e-01  5.000000000000000e-01
28.0000  -3.631475627367819e-06  9.999988039353553e-01  4.999988039360706e-01  2.603130906705270e-10  5.000000000000000e-01
28.1000  9.354586767052625e-02  8.090294828141832e-01  3.272643520312923e-01  1.727344478943693e-01  5.000000000000000e-01
28.2000  1.513640331886477e-01  3.090384776126454e-01  4.775239032257075e-02  4.522464053323687e-01  5.000000000000000e-01
28.3000  1.513662969563322e-01  -3.089946878255059e-01  4.773885855219091e-02  4.522599328320263e-01  5.000000000000000e-01
28.4000  9.355179478532009e-02  -8.090024096835402e-01  3.272424494368873e-01  1.727563376766077e-01  5.000000000000000e-01
28.5000  3.696323327504608e-06  -9.999987825723391e-01  4.999987825730802e-01  2.696929832498648e-10  5.000000000000000e-01
28.6000  -9.354581320914487e-02  -8.090297050242807e-01  3.272645318058374e-01  1.727342467662139e-01  5.000000000000000e-01
28.7000  -1.513640099159762e-01  -3.090388585191717e-01  4.775250803741631e-02  4.522462662639128e-01  5.000000000000000e-01
28.8000  -1.513663137617377e-01  3.089942937158616e-01  4.773873677448207e-02  4.522600332561253e-01  5.000000000000000e-01
28.9000  -9.355184524971012e-02  8.090021529072288e-01  3.272422417042656e-01  1.727565240556200e-01  5.000000000000000e-01
29.0000  -3.761171024871043e-06  9.999987612091576e-01  4.999987612099249e-01  2.792388910154484e-10  5.000000000000000e-01
29.1000  9.354575874775027e-02  8.090299272342346e-01  3.272647115803155e-01  1.727340456381267e-01  5.000000000000000e-01
29.2000  1.513639866432807e-01  3.090392394256305e-01  4.775262575238608e-02  4.522461271953345e-01  5.000000000000000e-01
29.3000  1.513663305671174e-01  -3.089938996061829e-01  4.773861499691791e-02  4.522601336800810e-01  5.000000000000000e-01
29.4000  9.355189571408237e-02  -8.090018961307939e-01  3.272420339716099e-01  1.727567104346672e-01  5.000000000000000e-01
29.5000  3.826018719399471e-06  -9.999987398458107e-01  4.999987398466046e-01  2.889508139357819e-10  5.000000000000000e-01
29.6000  -9.354570428634250e-02  -8.090301494440438e-01  3.272648913547260e-01  1.727338445101080e-01  5.000000000000000e-01
29.7000  -1.513639633705610e-01  -3.090396203320210e-01  4.775274346747984e-02  4.522459881266326e-01  5.000000000000000e-01
29.8000  -1.513663473724711e-01  3.089935054964699e-01  4.773849321949847e-02  4.522602341038924e-01  5.000000000000000e-01
29.9000  -9.355194617843693e-02  8.090016393542352e-01  3.272418262389200e-01  1.727568968137496e-01  5.000000000000000e-01
30.0000  -3.890866411193974e-06  9.999987184822983e-01  4.999987184831194e-01  2.988287520050567e-10  5.000000000000000e-01
30.1000  9.354564982492145e-02  8.090303716537093e-01  3.272650711290695e-01  1.727336433821574e-01  5.000000000000000e-01
30.2000  1.513639400978171e-01  3.090400012383444e-01  4.775286118269794e-02  4.522458490578077e-01  5.000000000000000e-01
30.3000  1.513663641777989e-01  -3.089931113867221e-01  4.773837144222362e-02  4.522603345275609e-01  5.000000000000000e-01
30.4000  9.355199664277380e-02  -8.090013825775529e-01  3.272416185061961e-01  1.727570831928672e-01  5.000000000000000e-01
30.5000  3.955714100247615e-06  -9.999986971186204e-01  4.999986971194692e-01  3.088727052011916e-10  5.000000000000000e-01
30.6000  -9.354559536348715e-02  -8.090305938632308e-01  3.272652509033460e-01  1.727334422542749e-01  5.000000000000000e-01
30.7000  -1.513639168250489e-01  -3.090403821446001e-01  4.775297889804022e-02  4.522457099888594e-01  5.000000000000000e-01
30.8000  -1.513663809831008e-01  3.089927172769393e-01  4.773824966509328e-02  4.522604349510851e-01  5.000000000000000e-01
30.9000  -9.355204710709289e-02  8.090011258007465e-01  3.272414107734376e-01  1.727572695720196e-01  5.000000000000000e-01
31.0000  -4.020561786525698e-06  9.999986757547766e-01  4.999986757556534e-01  3.190826734976295e-10  5.000000000000000e-01
31.1000  9.354554090203954e-02  8.090308160726077e-01  3.272654306775548e-01  1.727332411264604e-01  5.000000000000000e-01
31.2000  1.513638935522565e-01  3.090407630507881e-01  4.775309661350669e-02  4.522455709197877e-01  5.000000000000000e-01
31.3000  1.513663977883768e-01  -3.089923231671219e-01  4.773812788810756e-02  4.522605353744660e-01  5.000000000000000e-01
31.4000  9.355209757139434e-02  -8.090008690238166e-01  3.272412030406452e-01  1.727574559512075e-01  5.000000000000000e-01
31.5000  4.085409470055978e-06  -9.999986543907678e-01  4.999986543916732e-01  3.294586568775298e-10  5.000000000000000e-01
31.6000  -9.354548644057875e-02  -8.090310382818410e-01  3.272656104516968e-01  1.727330399987143e-01  5.000000000000000e-01
31.7000  -1.513638702794400e-01  -3.090411439569085e-01  4.775321432909733e-02  4.522454318505928e-01  5.000000000000000e-01
31.8000  -1.513664145936269e-01  3.089919290572700e-01  4.773800611126647e-02  4.522606357977028e-01  5.000000000000000e-01
31.9000  -9.355214803567800e-02  8.090006122467629e-01  3.272409953078186e-01  1.727576423304302e-01  5.000000000000000e-01
32.0000  -4.150257150814171e-06  9.999986330265932e-01  4.999986330275275e-01  3.400006553158095e-10  5.000000000000000e-01
32.1000  9.354543197910468e-02  8.090312604909298e-01  3.272657902257713e-01  1.727328388710362e-01  5.000000000000000e-01
32.2000  1.513638470065993e-01  3.090415248629609e-01  4.775333204481205e-02  4.522452927812751e-01  5.000000000000000e-01
32.3000  1.513664313988511e-01  -3.089915349473838e-01  4.773788433457015e-02  4.522607362207964e-01  5.000000000000000e-01
32.4000  9.355219849994392e-02  -8.090003554695858e-01  3.272407875749581e-01  1.727578287096879e-01  5.000000000000000e-01
32.5000  4.215104828749969e-06  -9.999986116622530e-01  4.999986116632167e-01  3.507086687828071e-10  5.000000000000000e-01
32.6000  -9.354537751761738e-02  -8.090314826998741e-01  3.272659699997784e-01  1.727326377434264e-01  5.000000000000000e-01
32.7000  -1.513638237337342e-01  -3.090419057689455e-01  4.775344976065089e-02  4.522451537118334e-01  5.000000000000000e-01
32.8000  -1.513664482040493e-01  3.089911408374627e-01  4.773776255801834e-02  4.522608366437454e-01  5.000000000000000e-01
32.9000  -9.355224896419206e-02  8.090000986922843e-01  3.272405798420628e-01  1.727580150889804e-01  5.000000000000000e-01
33.0000  -4.279952503939699e-06  9.999985902977467e-01  4.999985902987404e-01  3.615826972697424e-10  5.000000000000000e-01
33.1000  9.354532305611679e-02  8.090317049086744e-01  3.272661497737182e-01  1.727324366158846e-01  5.000000000000000e-01
33.2000  1.513638004608450e-01  3.090422866748626e-01  4.775356747661397e-02  4.522450146422686e-01  5.000000000000000e-01
33.3000  1.513664650092215e-01  -3.089907467275068e-01  4.773764078161113e-02  4.522609370665510e-01  5.000000000000000e-01
33.4000  9.355229942842253e-02  -8.089998419148592e-01  3.272403721091336e-01  1.727582014683083e-01  5.000000000000000e-01
33.5000  4.344800176390301e-06  -9.999985689330749e-01  4.999985689340989e-01  3.726227407567154e-10  5.000000000000000e-01
33.6000  -9.354526859460295e-02  -8.090319271173305e-01  3.272663295475908e-01  1.727322354884109e-01  5.000000000000000e-01
33.7000  -1.513637771879316e-01  -3.090426675807120e-01  4.775368519270122e-02  4.522448755725805e-01  5.000000000000000e-01
33.8000  -1.513664818143680e-01  3.089903526175165e-01  4.773751900534860e-02  4.522610374892131e-01  5.000000000000000e-01
33.9000  -9.355234989263531e-02  8.089995851373109e-01  3.272401643761705e-01  1.727583878476713e-01  5.000000000000000e-01
34.0000  -4.409647846049733e-06  9.999985475682385e-01  4.999985475692932e-01  3.838287992136290e-10  5.000000000000000e-01
34.1000  9.354521413307595e-02  8.090321493258429e-01  3.272665093213964e-01  1.727320343610058e-01  5.000000000000000e-01
34.2000  1.513637539149941e-01  3.090430484864938e-01  4.775380290891267e-02  4.522447365027698e-01  5.000000000000000e-01
34.3000  1.513664986194885e-01  -3.089899585074917e-01  4.773739722923071e-02  4.522611379117320e-01  5.000000000000000e-01
34.4000  9.355240035683038e-02  -8.089993283596391e-01  3.272399566431736e-01  1.727585742270695e-01  5.000000000000000e-01
34.5000  4.474495512944016e-06  -9.999985262032364e-01  4.999985262043224e-01  3.952008726236429e-10  5.000000000000000e-01
34.6000  -9.354515967153568e-02  -8.090323715342109e-01  3.272666890951347e-01  1.727318332336687e-01  5.000000000000000e-01
34.7000  -1.513637306420324e-01  -3.090434293922076e-01  4.775392062524821e-02  4.522445974328356e-01  5.000000000000000e-01
34.8000  -1.513665154245831e-01  3.089895643974324e-01  4.773727545325752e-02  4.522612383341068e-01  5.000000000000000e-01
34.9000  -9.355245082100760e-02  8.089990715818433e-01  3.272397489101422e-01  1.727587606065024e-01  5.000000000000000e-01
35.0000  -4.539343177015903e-06  9.999985048380683e-01  4.999985048391861e-01  4.067389609552611e-10  5.000000000000000e-01
35.1000  9.354510520998219e-02  8.090325937424345e-01  3.272668688688056e-01  1.727316321063999e-01  5.000000000000000e-01
35.2000  1.513637073690464e-01  3.090438102978536e-01  4.775403834170786e-02  4.522444583627782e-01  5.000000000000000e-01
35.3000  1.513665322296518e-01  -3.089891702873386e-01  4.773715367742898e-02  4.522613387563376e-01  5.000000000000000e-01
35.4000  9.355250128516716e-02  -8.089988148039239e-01  3.272395411770768e-01  1.727589469859704e-01  5.000000000000000e-01
35.5000  4.604190838326111e-06  -9.999984834727348e-01  4.999984834738847e-01  4.184430641978431e-10  5.000000000000000e-01
35.6000  -9.354505074841542e-02  -8.090328159505142e-01  3.272670486424093e-01  1.727314309791992e-01  5.000000000000000e-01
35.7000  -1.513636840960363e-01  -3.090441912034321e-01  4.775415605829174e-02  4.522443192925976e-01  5.000000000000000e-01
35.8000  -1.513665490346945e-01  3.089887761772100e-01  4.773703190174498e-02  4.522614391784249e-01  5.000000000000000e-01
35.9000  -9.355255174930902e-02  8.089985580258808e-01  3.272393334439773e-01  1.727591333654737e-01  5.000000000000000e-01
36.0000  -4.669038496876374e-06  9.999984621072362e-01  4.999984621084188e-01  4.303131823304981e-10  5.000000000000000e-01
36.1000  9.354499628683545e-02  8.090330381584498e-01  3.272672284159459e-01  1.727312298520668e-01  5.000000000000000e-01
36.2000  1.513636608230019e-01  3.090445721089429e-01  4.775427377499979e-02  4.522441802222939e-01  5.000000000000000e-01
36.3000  1.513665658397114e-01  -3.089883820670470e-01  4.773691012620570e-02  4.522615396003690e-01  5.000000000000000e-01
36.4000  9.355260221343312e-02  -8.089983012477141e-01  3.272391257108436e-01  1.727593197450119e-01  5.000000000000000e-01
36.5000  4.733886152666691e-06  -9.999984407415716e-01  4.999984407427873e-01  4.423493153320291e-10  5.000000000000000e-01
36.6000  -9.354494182524221e-02  -8.090332603662411e-01  3.272674081894151e-01  1.727310287250025e-01  5.000000000000000e-01
36.7000  -1.513636375499434e-01  -3.090449530143856e-01  4.775439149183191e-02  4.522440411518667e-01  5.000000000000000e-01
36.8000  -1.513665826447023e-01  3.089879879568495e-01  4.773678835081107e-02  4.522616400221687e-01  5.000000000000000e-01
36.9000  -9.355265267753944e-02  8.089980444694237e-01  3.272389179776758e-01  1.727595061245850e-01  5.000000000000000e-01
37.0000  -4.798733805658900e-06  9.999984193757414e-01  4.999984193769906e-01  4.545514631740090e-10  5.000000000000000e-01
37.1000  9.354488736363575e-02  8.090334825738883e-01  3.272675879628170e-01  1.727308275980065e-01  5.000000000000000e-01
37.2000  1.513636142768606e-01  3.090453339197610e-01  4.775450920878828e-02  4.522439020813165e-01  5.000000000000000e-01
37.3000  1.513665994496674e-01  -3.089875938466172e-01  4.773666657556104e-02  4.522617404438249e-01  5.000000000000000e-01
37.4000  9.355270314162810e-02  -8.089977876910096e-01  3.272387102444739e-01  1.727596925041934e-01  5.000000000000000e-01
37.5000  4.863581455882490e-06  -9.999983980097459e-01  4.999983980110291e-01  4.669196258406100e-10  5.000000000000000e-01
37.6000  -9.354483290201601e-02  -8.090337047813911e-01  3.272677677361516e-01  1.727306264710785e-01  5.000000000000000e-01
37.7000  -1.513635910037537e-01  -3.090457148250684e-01  4.775462692586876e-02  4.522437630106428e-01  5.000000000000000e-01
37.8000  -1.513666162546065e-01  3.089871997363504e-01  4.773654480045564e-02  4.522618408653376e-01  5.000000000000000e-01
37.9000  -9.355275360569906e-02  8.089975309124720e-01  3.272385025112380e-01  1.727598788838370e-01  5.000000000000000e-01
38.0000  -4.928429103375626e-06  9.999983766435849e-01  4.999983766449026e-01  4.794538033179937e-10  5.000000000000000e-01
38.1000  9.354477844038304e-02  8.090339269887502e-01  3.272679475094192e-01  1.727304253442188e-01  5.000000000000000e-01
38.2000  1.513635677306225e-01  3.090460957303084e-01  4.775474464307349e-02  4.522436239398462e-01  5.000000000000000e-01
38.3000  1.513666330595197e-01  -3.089868056260488e-01  4.773642302549483e-02  4.522619412867064e-01  5.000000000000000e-01
38.4000  9.355280406975219e-02  -8.089972741338100e-01  3.272382947779674e-01  1.727600652635152e-01  5.000000000000000e-01
38.5000  4.993276748091469e-06  -9.999983552772579e-01  4.999983552786104e-01  4.921539955759569e-10  5.000000000000000e-01
38.6000  -9.354472397873677e-02  -8.090341491959647e-01  3.272681272826193e-01  1.727302242174270e-01  5.000000000000000e-01
38.7000  -1.513635444574671e-01  -3.090464766354806e-01  4.775486236040232e-02  4.522434848689259e-01  5.000000000000000e-01
38.8000  -1.513666498644070e-01  3.089864115157125e-01  4.773630125067861e-02  4.522620417079314e-01  5.000000000000000e-01
38.9000  -9.355285453378767e-02  8.089970173550246e-01  3.272380870446630e-01  1.727602516432288e-01  5.000000000000000e-01
39.0000  -5.058124390012672e-06  9.999983339107656e-01  4.999983339121536e-01  5.050202025897051e-10  5.000000000000000e-01
39.1000  9.354466951707731e-02  8.090343714030350e-01  3.272683070557520e-01  1.727300230907036e-01  5.000000000000000e-01
39.2000  1.513635211842875e-01  3.090468575405850e-01  4.775498007785533e-02  4.522433457978825e-01  5.000000000000000e-01
39.3000  1.513666666692683e-01  -3.089860174053418e-01  4.773617947600710e-02  4.522621421290127e-01  5.000000000000000e-01
39.4000  9.355290499780537e-02  -8.089967605761155e-01  3.272378793113244e-01  1.727604380229773e-01  5.000000000000000e-01
39.5000  5.122972029177400e-06  -9.999983125441074e-01  4.999983125455312e-01  5.180524243454932e-10  5.000000000000000e-01
39.6000  -9.354461505540457e-02  -8.090345936099613e-01  3.272684868288177e-01  1.727298219640483e-01  5.000000000000000e-01
39.7000  -1.513634979110837e-01  -3.090472384456219e-01  4.775509779543253e-02  4.522432067267158e-01  5.000000000000000e-01
39.8000  -1.513666834741037e-01  3.089856232949362e-01  4.773605770148010e-02  4.522622425499502e-01  5.000000000000000e-01
39.9000  -9.355295546180541e-02  8.089965037970825e-01  3.272376715779515e-01  1.727606244027610e-01  5.000000000000000e-01
40.0000  -5.187819665630755e-06  9.999982911772841e-01  4.999982911787442e-01  5.312506608313883e-10  5.000000000000000e-01
40.1000  9.354456059371855e-02  8.090348158167435e-01  3.272686666018161e-01  1.727296208374610e-01  5.000000000000000e-01
40.2000  1.513634746378557e-01  3.090476193505909e-01  4.775521551313386e-02  4.522430676554257e-01  5.000000000000000e-01
40.3000  1.513667002789133e-01  -3.089852291844962e-01  4.773593592709783e-02  4.522623429707442e-01  5.000000000000000e-01
40.4000  9.355300592578765e-02  -8.089962470179262e-01  3.272374638445447e-01  1.727608107825796e-01  5.000000000000000e-01
40.5000  5.252667299201000e-06  -9.999982698102950e-01  4.999982698117919e-01  5.446149119909537e-10  5.000000000000000e-01
40.6000  -9.354450613201937e-02  -8.090350380233814e-01  3.272688463747471e-01  1.727294197109422e-01  5.000000000000000e-01
40.7000  -1.513634513646035e-01  -3.090480002554921e-01  4.775533323095931e-02  4.522429285840123e-01  5.000000000000000e-01
40.8000  -1.513667170836968e-01  3.089848350740215e-01  4.773581415286014e-02  4.522624433913942e-01  5.000000000000000e-01
40.9000  -9.355305638975218e-02  8.089959902386457e-01  3.272372561111034e-01  1.727609971624333e-01  5.000000000000000e-01
41.0000  -5.317514930087627e-06  9.999982484431402e-01  4.999982484446742e-01  5.581451778439254e-10  5.000000000000000e-01
41.1000  9.354445167030684e-02  8.090352602298749e-01  3.272690261476107e-01  1.727292185844913e-01  5.000000000000000e-01
41.2000  1.513634280913271e-01  3.090483811603257e-01  4.775545094890899e-02  4.522427895124758e-01  5.000000000000000e-01
41.3000  1.513667338884545e-01  -3.089844409635122e-01  4.773569237876708e-02  4.522625438119005e-01  5.000000000000000e-01
41.4000  9.355310685369901e-02  -8.089957334592417e-01  3.272370483776282e-01  1.727611835423222e-01  5.000000000000000e-01
41.5000  5.382362558183085e-06  -9.999982270758202e-01  4.999982270773918e-01  5.718414583468390e-10  5.000000000000000e-01
41.6000  -9.354439720858113e-02  -8.090354824362246e-01  3.272692059204073e-01  1.727290174581087e-01  5.000000000000000e-01
41.7000  -1.513634048180264e-01  -3.090487620650915e-01  4.775556866698277e-02  4.522426504408161e-01  5.000000000000000e-01
41.8000  -1.513667506931863e-01  3.089840468529683e-01  4.773557060481866e-02  4.522626442322633e-01  5.000000000000000e-01
41.9000  -9.355315731762810e-02  8.089954766797139e-01  3.272368406441188e-01  1.727613699222461e-01  5.000000000000000e-01
42.0000  -5.447210183509923e-06  9.999982057083343e-01  4.999982057099441e-01  5.857037534831070e-10  5.000000000000000e-01
42.1000  9.354434274684215e-02  8.090357046424301e-01  3.272693856931367e-01  1.727288163317942e-01  5.000000000000000e-01
42.2000  1.513633815447017e-01  3.090491429697897e-01  4.775568638518077e-02  4.522425113690334e-01  5.000000000000000e-01
42.3000  1.513667674978922e-01  -3.089836527423901e-01  4.773544883101497e-02  4.522627446524826e-01  5.000000000000000e-01
42.4000  9.355320778153944e-02  -8.089952199000630e-01  3.272366329105756e-01  1.727615563022049e-01  5.000000000000000e-01
42.5000  5.512057806026510e-06  -9.999981843406835e-01  4.999981843423318e-01  5.997320632224064e-10  5.000000000000000e-01
42.6000  -9.354428828508998e-02  -8.090359268484915e-01  3.272695654657988e-01  1.727286152055482e-01  5.000000000000000e-01
42.7000  -1.513633582713526e-01  -3.090495238744202e-01  4.775580410350291e-02  4.522423722971272e-01  5.000000000000000e-01
42.8000  -1.513667843025721e-01  3.089832586317769e-01  4.773532705735577e-02  4.522628450725574e-01  5.000000000000000e-01
42.9000  -9.355325824543302e-02  8.089949631202875e-01  3.272364251769977e-01  1.727617426821987e-01  5.000000000000000e-01
43.0000  -5.576905425790091e-06  9.999981629728661e-01  4.999981629745535e-01  6.139263875557572e-10  5.000000000000000e-01
43.1000  9.354423382332447e-02  8.090361490544080e-01  3.272697452383931e-01  1.727284140793699e-01  5.000000000000000e-01
43.2000  1.513633349979793e-01  3.090499047789828e-01  4.775592182194917e-02  4.522422332250972e-01  5.000000000000000e-01
43.3000  1.513668011072260e-01  -3.089828645211291e-01  4.773520528384121e-02  4.522629454924887e-01  5.000000000000000e-01
43.4000  9.355330870930890e-02  -8.089947063403884e-01  3.272362174433856e-01  1.727619290622277e-01  5.000000000000000e-01
43.5000  5.641753042819747e-06  -9.999981416048834e-01  4.999981416066103e-01  6.282867264662656e-10  5.000000000000000e-01
43.6000  -9.354417936154573e-02  -8.090363712601809e-01  3.272699250109206e-01  1.727282129532599e-01  5.000000000000000e-01
43.7000  -1.513633117245819e-01  -3.090502856834777e-01  4.775603954051959e-02  4.522420941529445e-01  5.000000000000000e-01
43.8000  -1.513668179118541e-01  3.089824704104469e-01  4.773508351047135e-02  4.522630459122765e-01  5.000000000000000e-01
43.9000  -9.355335917316701e-02  8.089944495603659e-01  3.272360097097397e-01  1.727621154422916e-01  5.000000000000000e-01
44.0000  -5.706600657028743e-06  9.999981202367353e-01  4.999981202385020e-01  6.428130799133942e-10  5.000000000000000e-01
44.1000  9.354412489975378e-02  8.090365934658093e-01  3.272701047833805e-01  1.727280118272182e-01  5.000000000000000e-01
44.2000  1.513632884511602e-01  3.090506665879048e-01  4.775615725921414e-02  4.522419550806682e-01  5.000000000000000e-01
44.3000  1.513668347164562e-01  -3.089820762997300e-01  4.773496173724609e-02  4.522631463319201e-01  5.000000000000000e-01
44.4000  9.355340963700742e-02  -8.089941927802196e-01  3.272358019760595e-01  1.727623018223906e-01  5.000000000000000e-01
44.5000  5.771448268484733e-06  -9.999980988684213e-01  4.999980988702284e-01  6.575054478908942e-10  5.000000000000000e-01
44.6000  -9.354407043794855e-02  -8.090368156712936e-01  3.272702845557733e-01  1.727278107012446e-01  5.000000000000000e-01
44.7000  -1.513632651777144e-01  -3.090510474922643e-01  4.775627497803289e-02  4.522418160082691e-01  5.000000000000000e-01
44.8000  -1.513668515210325e-01  3.089816821889785e-01  4.773483996416545e-02  4.522632467514203e-01  5.000000000000000e-01
44.9000  -9.355346010083010e-02  8.089939359999494e-01  3.272355942423451e-01  1.727624882025247e-01  5.000000000000000e-01
45.0000  -5.836295877170369e-06  9.999980774999421e-01  4.999980775017901e-01  6.723638303736249e-10  5.000000000000000e-01
45.1000  9.354401597613010e-02  8.090370378766336e-01  3.272704643280988e-01  1.727276095753393e-01  5.000000000000000e-01
45.2000  1.513632419042443e-01  3.090514283965559e-01  4.775639269697576e-02  4.522416769357464e-01  5.000000000000000e-01
45.3000  1.513668683255828e-01  -3.089812880781925e-01  4.773471819122949e-02  4.522633471707768e-01  5.000000000000000e-01
45.4000  9.355351056463508e-02  -8.089936792195557e-01  3.272353865085967e-01  1.727626745826940e-01  5.000000000000000e-01
45.5000  5.901143483104734e-06  -9.999980561312974e-01  4.999980561331868e-01  6.873882273447551e-10  5.000000000000000e-01
45.6000  -9.354396151429839e-02  -8.090372600818299e-01  3.272706441003572e-01  1.727274084495020e-01  5.000000000000000e-01
45.7000  -1.513632186307501e-01  -3.090518093007801e-01  4.775651041604287e-02  4.522415378631007e-01  5.000000000000000e-01
45.8000  -1.513668851301073e-01  3.089808939673719e-01  4.773459641843816e-02  4.522634475899899e-01  5.000000000000000e-01
45.9000  -9.355356102842231e-02  8.089934224390384e-01  3.272351787748142e-01  1.727628609628982e-01  5.000000000000000e-01
46.0000  -5.965991086256603e-06  9.999980347624872e-01  4.999980347644182e-01  7.025786387757996e-10  5.000000000000000e-01
46.1000  9.354390705245347e-02  8.090374822868820e-01  3.272708238725485e-01  1.727272073237330e-01  5.000000000000000e-01
46.2000  1.513631953572316e-01  3.090521902049366e-01  4.775662813523415e-02  4.522413987903320e-01  5.000000000000000e-01
46.3000  1.513669019346058e-01  -3.089804998565165e-01  4.773447464579141e-02  4.522635480090591e-01  5.000000000000000e-01
46.4000  9.355361149219185e-02  -8.089931656583974e-01  3.272349710409976e-01  1.727630473431376e-01  5.000000000000000e-01
46.5000  6.030838686650261e-06  -9.999980133935115e-01  4.999980133954848e-01  7.179350646511705e-10  5.000000000000000e-01
46.6000  -9.354385259059526e-02  -8.090377044917900e-01  3.272710036446725e-01  1.727270061980322e-01  5.000000000000000e-01
46.7000  -1.513631720836890e-01  -3.090525711090255e-01  4.775674585454961e-02  4.522412597174396e-01  5.000000000000000e-01
46.8000  -1.513669187390784e-01  3.089801057456265e-01  4.773435287328927e-02  4.522636484279847e-01  5.000000000000000e-01
46.9000  -9.355366195594363e-02  8.089929088776326e-01  3.272347633071468e-01  1.727632337234120e-01  5.000000000000000e-01
47.0000  -6.095686284230198e-06  9.999979920243701e-01  4.999979920263861e-01  7.334575049363256e-10  5.000000000000000e-01
47.1000  9.354379812872385e-02  8.090379266965534e-01  3.272711834167288e-01  1.727268050723996e-01  5.000000000000000e-01
47.2000  1.513631488101221e-01  3.090529520130461e-01  4.775686357398908e-02  4.522411206444242e-01  5.000000000000000e-01
47.3000  1.513669355435250e-01  -3.089797116347024e-01  4.773423110093192e-02  4.522637488467662e-01  5.000000000000000e-01
47.4000  9.355371241967768e-02  -8.089926520967443e-01  3.272345555732620e-01  1.727634201037214e-01  5.000000000000000e-01
47.5000  6.160533879081415e-06  -9.999979706550635e-01  4.999979706571226e-01  7.491459596303277e-10  5.000000000000000e-01
47.6000  -9.354374366683917e-02  -8.090381489011731e-01  3.272713631887184e-01  1.727266039468351e-01  5.000000000000000e-01
47.7000  -1.513631255365311e-01  -3.090533329169994e-01  4.775698129355285e-02  4.522409815712856e-01  5.000000000000000e-01
47.8000  -1.513669523479458e-01  3.089793175237431e-01  4.773410932871904e-02  4.522638492654044e-01  5.000000000000000e-01
47.9000  -9.355376288339401e-02  8.089923953157321e-01  3.272343478393429e-01  1.727636064840659e-01  5.000000000000000e-01
48.0000  -6.225381471158808e-06  9.999979492855910e-01  4.999979492876938e-01  7.650004287011349e-10  5.000000000000000e-01
48.1000  9.354368920494126e-02  8.090383711056485e-01  3.272715429606405e-01  1.727264028213389e-01  5.000000000000000e-01
48.2000  1.513631022629159e-01  3.090537138208851e-01  4.775709901324079e-02  4.522408424980240e-01  5.000000000000000e-01
48.3000  1.513669691523407e-01  -3.089789234127495e-01  4.773398755665085e-02  4.522639496838990e-01  5.000000000000000e-01
48.4000  9.355381334709263e-02  -8.089921385345963e-01  3.272341401053897e-01  1.727637928644456e-01  5.000000000000000e-01
48.5000  6.290229060458910e-06  -9.999979279159530e-01  4.999979279180998e-01  7.810209121265820e-10  5.000000000000000e-01
48.6000  -9.354363474303010e-02  -8.090385933099797e-01  3.272717227324954e-01  1.727262016959108e-01  5.000000000000000e-01
48.7000  -1.513630789892764e-01  -3.090540947247031e-01  4.775721673305289e-02  4.522407034246387e-01  5.000000000000000e-01
48.8000  -1.513669859567097e-01  3.089785293017210e-01  4.773386578472723e-02  4.522640501022497e-01  5.000000000000000e-01
48.9000  -9.355386381077349e-02  8.089918817533366e-01  3.272339323714022e-01  1.727639792448601e-01  5.000000000000000e-01
49.0000  -6.355076647000801e-06  9.999979065461493e-01  4.999979065483405e-01  7.972074098901258e-10  5.000000000000000e-01
49.1000  9.354358028110563e-02  8.090388155141665e-01  3.272719025042827e-01  1.727260005705507e-01  5.000000000000000e-01
49.2000  1.513630557156126e-01  3.090544756284532e-01  4.775733445298910e-02  4.522405643511300e-01  5.000000000000000e-01
49.3000  1.513670027610527e-01  -3.089781351906579e-01  4.773374401294824e-02  4.522641505204563e-01  5.000000000000000e-01
49.4000  9.355391427443666e-02  -8.089916249719531e-01  3.272337246373806e-01  1.727641656253099e-01  5.000000000000000e-01
49.5000  6.419924230787952e-06  -9.999978851761800e-01  4.999978851784163e-01  8.135599219714626e-10  5.000000000000000e-01
49.6000  -9.354352581916794e-02  -8.090390377182094e-01  3.272720822760031e-01  1.727257994452589e-01  5.000000000000000e-01
49.7000  -1.513630324419248e-01  -3.090548565321357e-01  4.775745217304948e-02  4.522404252774984e-01  5.000000000000000e-01
49.8000  -1.513670195653699e-01  3.089777410795605e-01  4.773362224131397e-02  4.522642509385200e-01  5.000000000000000e-01
49.9000  -9.355396473808211e-02  8.089913681904465e-01  3.272335169033252e-01  1.727643520057948e-01  5.000000000000000e-01
50.0000  -6.484771811775258e-06  9.999978638060459e-01  4.999978638083276e-01  8.300784483378879e-10  5.000000000000000e-01

