# omega0=1, alpha=4
# theta0=0.8, theta_dot0=0
# t_start=0, t_end=50, h=0.00911928
#   t          x(t)                 v(t)       
0  8.000000000000000e-01  0.000000000000000e+00
9.119282013323059e-02 7.973503159490550e-01 -5.476115134953553e-02
1.823856402664613e-01 7.905271509783433e-01 -9.251808991782925e-02
2.735784603996920e-01 7.808394568797434e-01 -1.182810972713706e-01
3.647712805329227e-01 7.692104990119377e-01 -1.355841606715957e-01
4.559641006661534e-01 7.562915164010974e-01 -1.469197485902919e-01
5.471569207993838e-01 7.425418843844118e-01 -1.540459655048070e-01
6.383497409326140e-01 7.282856278061103e-01 -1.582032689132408e-01
7.295425610658441e-01 7.137512548171234e-01 -1.602672561665775e-01
8.207353811990743e-01 6.990998343179790e-01 -1.608563327700658e-01
9.119282013323045e-01 6.844447896384067e-01 -1.604075711314698e-01
1.003121021465535e+00 6.698658559398407e-01 -1.592301564223418e-01
1.094313841598765e+00 6.554189255450048e-01 -1.575430452633884e-01
1.185506661731995e+00 6.411429956131557e-01 -1.555015053791242e-01
1.276699481865225e+00 6.270650734932265e-01 -1.532158237204579e-01
1.367892301998455e+00 6.132036422306988e-01 -1.507644978082174e-01
1.459085122131685e+00 5.995711106694096e-01 -1.482035401052238e-01
1.550277942264916e+00 5.861755472311739e-01 -1.455730430726130e-01
1.641470762398146e+00 5.730219081760050e-01 -1.429018131957007e-01
1.732663582531376e+00 5.601129089641581e-01 -1.402106433799100e-01
1.823856402664606e+00 5.474496435318114e-01 -1.375146249390832e-01
1.915049222797836e+00 5.350320254182622e-01 -1.348247819728483e-01
2.006242042931067e+00 5.228591029184763e-01 -1.321492275164742e-01
2.097434863064297e+00 5.109292850881405e-01 -1.294939820776384e-01
2.188627683197527e+00 4.992405046037360e-01 -1.268635537562412e-01
2.279820503330757e+00 4.877903358429203e-01 -1.242613499443476e-01
2.371013323463987e+00 4.765760811606755e-01 -1.216899700123172e-01
2.462206143597217e+00 4.655948345319152e-01 -1.191514138621459e-01
2.553398963730448e+00 4.548435290447545e-01 -1.166472309800154e-01
2.644591783863678e+00 4.443189728313341e-01 -1.141786273862160e-01
2.735784603996908e+00 4.340178766828383e-01 -1.117465427735841e-01
2.826977424130138e+00 4.239368756484373e-01 -1.093517065192142e-01
2.918170244263368e+00 4.140725462487551e-01 -1.069946787069625e-01
3.009363064396598e+00 4.044214204615577e-01 -1.046758804987568e-01
3.100555884529828e+00 3.949799973030866e-01 -1.023956169212743e-01
3.191748704663059e+00 3.857447525921430e-01 -1.001540942360753e-01
3.282941524796289e+00 3.767121473169409e-01 -9.795143342633500e-02
3.374134344929519e+00 3.678786349065726e-01 -9.578768088458678e-02
3.465327165062749e+00 3.592406676253395e-01 -9.366281706877927e-02
3.556519985195979e+00 3.507947022490301e-01 -9.157676366987173e-02
3.647712805329209e+00 3.425372051403306e-01 -8.952938967588650e-02
3.738905625462440e+00 3.344646568108379e-01 -8.752051660552336e-02
3.830098445595670e+00 3.265735560360545e-01 -8.554992310549672e-02
3.921291265728900e+00 3.188604235747219e-01 -8.361734905004357e-02
4.012484085862130e+00 3.113218055331218e-01 -8.172249924175320e-02
4.103676905995361e+00 3.039542764072671e-01 -7.986504678516995e-02
4.194869726128591e+00 2.967544418303330e-01 -7.804463618510758e-02
4.286062546261821e+00 2.897189410486038e-01 -7.626088620787794e-02
4.377255366395051e+00 2.828444491461919e-01 -7.451339253397161e-02
4.468448186528281e+00 2.761276790365144e-01 -7.280173022392998e-02
4.559641006661511e+00 2.695653832367592e-01 -7.112545601436408e-02
4.650833826794742e+00 2.631543554401884e-01 -6.948411045770564e-02
4.742026646927972e+00 2.568914319000047e-01 -6.787721991689338e-02
4.833219467061202e+00 2.507734926375643e-01 -6.630429842450626e-02
4.924412287194432e+00 2.447974624869113e-01 -6.476484941464331e-02
5.015605107327662e+00 2.389603119868963e-01 -6.325836733496903e-02
5.106797927460892e+00 2.332590581314910e-01 -6.178433914569126e-02
5.197990747594122e+00 2.276907649883238e-01 -6.034224571174217e-02
5.289183567727353e+00 2.222525441949026e-01 -5.893156309404381e-02
5.380376387860583e+00 2.169415553414722e-01 -5.755176374541975e-02
5.471569207993813e+00 2.117550062489602e-01 -5.620231761644438e-02
5.562762028127043e+00 2.066901531499893e-01 -5.488269317628076e-02
5.653954848260273e+00 2.017443007804897e-01 -5.359235835333997e-02
5.745147668393503e+00 1.969148023890090e-01 -5.233078140038875e-02
5.836340488526734e+00 1.921990596704061e-01 -5.109743168853671e-02
5.927533308659964e+00 1.875945226302201e-01 -4.989178043434411e-02
6.018726128793194e+00 1.830986893856274e-01 -4.871330136410625e-02
6.109918948926424e+00 1.787091059085368e-01 -4.756147131918918e-02
6.201111769059654e+00 1.744233657160294e-01 -4.643577080611359e-02
6.292304589192884e+00 1.702391095130196e-01 -4.533568449490960e-02
6.383497409326115e+00 1.661540247916998e-01 -4.426070166909445e-02
6.474690229459345e+00 1.621658453920356e-01 -4.321031663045870e-02
6.565883049592575e+00 1.582723510272915e-01 -4.218402906168369e-02
6.657075869725805e+00 1.544713667783023e-01 -4.118134434965539e-02
6.748268689859035e+00 1.507607625599491e-01 -4.020177387218667e-02
6.839461509992265e+00 1.471384525630580e-01 -3.924483525071147e-02
6.930654330125495e+00 1.436023946747156e-01 -3.831005257137200e-02
7.021847150258726e+00 1.401505898797749e-01 -3.739695657678180e-02
7.113039970391956e+00 1.367810816461301e-01 -3.650508483061605e-02
7.204232790525186e+00 1.334919552961427e-01 -3.563398185705319e-02
7.295425610658416e+00 1.302813373664260e-01 -3.478319925697101e-02
7.386618430791646e+00 1.271473949580244e-01 -3.395229580268475e-02
7.477811250924876e+00 1.240883350788679e-01 -3.314083751290409e-02
7.569004071058107e+00 1.211024039802329e-01 -3.234839770948129e-02
7.660196891191337e+00 1.181878864888019e-01 -3.157455705742272e-02
7.751389711324567e+00 1.153431053357846e-01 -3.081890358954146e-02
7.842582531457797e+00 1.125664204844419e-01 -3.008103271703916e-02
7.933775351591027e+00 1.098562284572413e-01 -2.936054722722008e-02
8.024968171724257e+00 1.072109616637632e-01 -2.865705726946027e-02
8.116160991857488e+00 1.046290877303833e-01 -2.797018033047929e-02
8.207353811990718e+00 1.021091088326598e-01 -2.729954119988983e-02
8.298546632123948e+00 9.964956103127097e-02 -2.664477192693399e-02
8.389739452257178e+00 9.724901361226773e-02 -2.600551176925116e-02
8.480932272390408e+00 9.490606843233125e-02 -2.538140713446300e-02
8.572125092523638e+00 9.261935926965732e-02 -2.477211151530500e-02
8.663317912656868e+00 9.038755118102440e-02 -2.417728541898177e-02
8.754510732790099e+00 8.820933986554365e-02 -2.359659629137351e-02
8.845703552923329e+00 8.608345103553298e-02 -2.302971843667520e-02
8.936896373056559e+00 8.400863979490723e-02 -2.247633293300681e-02
9.028089193189789e+00 8.198369002542862e-02 -2.193612754449193e-02
9.119282013323019e+00 8.000741378111861e-02 -2.140879663026486e-02
9.210474833456249e+00 7.807865069109128e-02 -2.089404105083030e-02
9.301667653589480e+00 7.619626737103183e-02 -2.039156807216701e-02
9.392860473722710e+00 7.435915684350923e-02 -1.990109126793581e-02
9.484053293855940e+00 7.256623796728043e-02 -1.942233042012344e-02
9.575246113989170e+00 7.081645487571492e-02 -1.895501141842698e-02
9.666438934122400e+00 6.910877642444130e-02 -1.849886615865848e-02
9.757631754255630e+00 6.744219564829348e-02 -1.805363244042620e-02
9.848824574388860e+00 6.581572922761172e-02 -1.761905386432696e-02
9.940017394522091e+00 6.422841696393286e-02 -1.719487972886420e-02
1.003121021465532e+01 6.267932126508619e-02 -1.678086492728741e-02
1.012240303478855e+01 6.116752663969312e-02 -1.637676984453099e-02
1.021359585492178e+01 5.969213920105510e-02 -1.598236025441494e-02
1.030478867505501e+01 5.825228618039795e-02 -1.559740721725411e-02
1.039598149518824e+01 5.684711544943021e-02 -1.522168697800930e-02
1.048717431532147e+01 5.547579505215978e-02 -1.485498086510029e-02
1.057836713545470e+01 5.413751274590387e-02 -1.449707518998912e-02
1.066955995558793e+01 5.283147555141736e-02 -1.414776114763064e-02
1.076075277572116e+01 5.155690931205643e-02 -1.380683471787745e-02
1.085194559585439e+01 5.031305826188696e-02 -1.347409656791639e-02
1.094313841598762e+01 4.909918460264018e-02 -1.314935195580548e-02
1.103433123612085e+01 4.791456808941275e-02 -1.283241063517182e-02
1.112552405625408e+01 4.675850562500252e-02 -1.252308676112365e-02
1.121671687638731e+01 4.563031086276752e-02 -1.222119879742278e-02
1.130790969652054e+01 4.452931381789087e-02 -1.192656942495750e-02
1.139910251665377e+01 4.345486048693197e-02 -1.163902545154989e-02
1.149029533678700e+01 4.240631247554046e-02 -1.135839772312658e-02
1.158148815692023e+01 4.138304663420772e-02 -1.108452103627663e-02
1.167268097705346e+01 4.038445470192856e-02 -1.081723405221606e-02
1.176387379718669e+01 3.940994295764385e-02 -1.055637921217414e-02
1.185506661731992e+01 3.845893187933419e-02 -1.030180265421305e-02
1.194625943745315e+01 3.753085581063317e-02 -1.005335413148876e-02
1.203745225758638e+01 3.662516263482894e-02 -9.810886931958135e-03
1.212864507771961e+01 3.574131345612172e-02 -9.574257799534134e-03
1.221983789785284e+01 3.487878228800548e-02 -9.343326856688570e-03
1.231103071798607e+01 3.403705574864176e-02 -9.117957528499343e-03
1.240222353811930e+01 3.321563276309415e-02 -8.898016468137012e-03
1.249341635825254e+01 3.241402427229258e-02 -8.683373483783627e-03
1.258460917838577e+01 3.163175294859690e-02 -8.473901466974923e-03
1.267580199851900e+01 3.086835291783094e-02 -8.269476322355434e-03
1.276699481865223e+01 3.012336948765812e-02 -8.069976898834682e-03
1.285818763878546e+01 2.939635888217191e-02 -7.875284922131305e-03
1.294938045891869e+01 2.868688798257502e-02 -7.685284928690829e-03
1.304057327905192e+01 2.799453407382265e-02 -7.499864200961867e-03
1.313176609918515e+01 2.731888459710692e-02 -7.318912704014562e-03
1.322295891931838e+01 2.665953690806052e-02 -7.142323023484365e-03
1.331415173945161e+01 2.601609804055979e-02 -6.969990304823547e-03
1.340534455958484e+01 2.538818447600864e-02 -6.801812193842249e-03
1.349653737971807e+01 2.477542191798663e-02 -6.637688778520398e-03
1.358773019985130e+01 2.417744507214615e-02 -6.477522532071375e-03
1.367892301998453e+01 2.359389743124540e-02 -6.321218257237985e-03
1.377011584011776e+01 2.302443106520585e-02 -6.168683031800980e-03
1.386130866025099e+01 2.246870641608432e-02 -6.019826155280160e-03
1.395250148038422e+01 2.192639209785194e-02 -5.874559096807940e-03
1.404369430051745e+01 2.139716470087395e-02 -5.732795444155074e-03
1.413488712065068e+01 2.088070860098630e-02 -5.594450853888252e-03
1.422607994078391e+01 2.037671577306663e-02 -5.459443002639148e-03
1.431727276091714e+01 1.988488560899923e-02 -5.327691539464594e-03
1.440846558105037e+01 1.940492473993552e-02 -5.199118039277504e-03
1.449965840118360e+01 1.893654686275315e-02 -5.073645957328321e-03
1.459085122131683e+01 1.847947257061902e-02 -4.951200584716805e-03
1.468204404145006e+01 1.803342918756299e-02 -4.831709004914109e-03
1.477323686158329e+01 1.759815060697124e-02 -4.715100051275250e-03
1.486442968171652e+01 1.717337713390975e-02 -4.601304265522239e-03
1.495562250184975e+01 1.675885533119028e-02 -4.490253857178297e-03
1.504681532198298e+01 1.635433786909307e-02 -4.381882663933832e-03
1.513800814211621e+01 1.595958337866211e-02 -4.276126112925015e-03
1.522920096224944e+01 1.557435630849063e-02 -4.172921182906034e-03
1.532039378238267e+01 1.519842678491612e-02 -4.072206367296358e-03
1.541158660251590e+01 1.483157047554608e-02 -3.973921638084580e-03
1.550277942264913e+01 1.447356845603704e-02 -3.878008410570651e-03
1.559397224278236e+01 1.412420708005134e-02 -3.784409508928605e-03
1.568516506291559e+01 1.378327785231752e-02 -3.693069132572118e-03
1.577635788304882e+01 1.345057730472208e-02 -3.603932823305532e-03
1.586755070318205e+01 1.312590687536161e-02 -3.516947433243249e-03
1.595874352331528e+01 1.280907279048607e-02 -3.432061093480696e-03
1.604993634344851e+01 1.249988594926539e-02 -3.349223183500297e-03
1.614112916358174e+01 1.219816181131314e-02 -3.268384301296250e-03
1.623232198371497e+01 1.190372028690247e-02 -3.189496234202115e-03
1.632351480384820e+01 1.161638562981087e-02 -3.112511930405566e-03
1.641470762398143e+01 1.133598633273185e-02 -3.037385471134910e-03
1.650590044411466e+01 1.106235502519295e-02 -2.964072043502279e-03
1.659709326424789e+01 1.079532837392091e-02 -2.892527913988681e-03
1.668828608438112e+01 1.053474698559605e-02 -2.822710402556388e-03
1.677947890451435e+01 1.028045531193937e-02 -2.754577857374407e-03
1.687067172464758e+01 1.003230155707713e-02 -2.688089630143077e-03
1.696186454478081e+01 9.790137587128742e-03 -2.623206052004101e-03
1.705305736491404e+01 9.553818841965456e-03 -2.559888410022595e-03
1.714425018504727e+01 9.323204249088007e-03 -2.498098924228033e-03
1.723544300518050e+01 9.098156139573028e-03 -2.437800725201204e-03
1.732663582531373e+01 8.878540166038970e-03 -2.378957832194586e-03
1.741782864544696e+01 8.664225222583378e-03 -2.321535131773800e-03
1.750902146558019e+01 8.455083366644672e-03 -2.265498356968057e-03
1.760021428571342e+01 8.250989742742460e-03 -2.210814066917786e-03
1.769140710584665e+01 8.051822508051632e-03 -2.157449627007867e-03
1.778259992597988e+01 7.857462759766445e-03 -2.105373189475153e-03
1.787379274611311e+01 7.667794464211862e-03 -2.054553674479197e-03
1.796498556624634e+01 7.482704387660378e-03 -2.004960751625358e-03
1.805617838637957e+01 7.302082028813613e-03 -1.956564821929681e-03
1.814737120651280e+01 7.125819552908804e-03 -1.909337000215196e-03
1.823856402664603e+01 6.953811727411360e-03 -1.863249097929481e-03
1.832975684677927e+01 6.785955859255492e-03 -1.818273606373606e-03
1.842094966691250e+01 6.622151733595858e-03 -1.774383680332742e-03
1.851214248704573e+01 6.462301554034022e-03 -1.731553122098980e-03
1.860333530717896e+01 6.306309884284387e-03 -1.689756365877090e-03
1.869452812731219e+01 6.154083591245104e-03 -1.648968462564170e-03
1.878572094744542e+01 6.005531789440243e-03 -1.609165064894352e-03
1.887691376757865e+01 5.860565786800349e-03 -1.570322412939897e-03
1.896810658771188e+01 5.719099031749273e-03 -1.532417319960246e-03
1.905929940784511e+01 5.581047061565904e-03 -1.495427158590774e-03
1.915049222797834e+01 5.446327451990217e-03 -1.459329847363168e-03
1.924168504811157e+01 5.314859768043738e-03 -1.424103837549558e-03
1.933287786824480e+01 5.186565516035261e-03 -1.389728100322698e-03
1.942407068837803e+01 5.061368096723349e-03 -1.356182114224676e-03
1.951526350851126e+01 4.939192759607795e-03 -1.323445852936805e-03
1.960645632864449e+01 4.819966558322938e-03 -1.291499773343513e-03
1.969764914877772e+01 4.703618307106315e-03 -1.260324803883234e-03
1.978884196891095e+01 4.590078538316818e-03 -1.229902333179436e-03
1.988003478904418e+01 4.479279460977082e-03 -1.200214198945109e-03
1.997122760917741e+01 4.371154920315493e-03 -1.171242677154179e-03
2.006242042931064e+01 4.265640358283773e-03 -1.142970471473461e-03
2.015361324944387e+01 4.162672775026615e-03 -1.115380702948942e-03
2.024480606957710e+01 4.062190691280533e-03 -1.088456899940281e-03
2.033599888971033e+01 3.964134111679488e-03 -1.062182988297613e-03
2.042719170984356e+01 3.868444488945516e-03 -1.036543281774834e-03
2.051838452997679e+01 3.775064688943010e-03 -1.011522472673729e-03
2.060957735011002e+01 3.683938956575888e-03 -9.871056227133809e-04
2.070077017024325e+01 3.595012882507329e-03 -9.632781541194815e-04
2.079196299037648e+01 3.508233370682284e-03 -9.400258409282727e-04
2.088315581050971e+01 3.423548606633412e-03 -9.173348004999578e-04
2.097434863064294e+01 3.340908026551564e-03 -8.951914852365665e-04
2.106554145077617e+01 3.260262287102410e-03 -8.735826744993647e-04
2.115673427090940e+01 3.181563235971231e-03 -8.524954667210187e-04
2.124792709104263e+01 3.104763883118308e-03 -8.319172717078372e-04
2.133911991117586e+01 3.029818372727805e-03 -8.118358031275266e-04
2.143031273130909e+01 2.956681955833430e-03 -7.922390711780031e-04
2.152150555144232e+01 2.885310963604554e-03 -7.731153754329085e-04
2.161269837157555e+01 2.815662781276872e-03 -7.544532978595870e-04
2.170389119170878e+01 2.747695822712064e-03 -7.362416960053728e-04
2.179508401184201e+01 2.681369505571314e-03 -7.184696963481442e-04
2.188627683197524e+01 2.616644227087847e-03 -7.011266878071940e-04
2.197746965210847e+01 2.553481340424088e-03 -6.842023154105582e-04
2.206866247224170e+01 2.491843131599307e-03 -6.676864741150411e-04
2.215985529237493e+01 2.431692796974024e-03 -6.515693027752604e-04
2.225104811250816e+01 2.372994421277728e-03 -6.358411782581298e-04
2.234224093264139e+01 2.315712956166815e-03 -6.204927096992742e-04
2.243343375277462e+01 2.259814199299962e-03 -6.055147328979651e-04
2.252462657290785e+01 2.205264773918450e-03 -5.908983048472386e-04
2.261581939304108e+01 2.152032108919268e-03 -5.766346983959418e-04
2.270701221317431e+01 2.100084419409090e-03 -5.627153970395321e-04
2.279820503330754e+01 2.049390687727562e-03 -5.491320898365256e-04
2.288939785344077e+01 1.999920644928540e-03 -5.358766664475708e-04
2.298059067357400e+01 1.951644752708266e-03 -5.229412122941934e-04
2.307178349370723e+01 1.904534185769668e-03 -5.103180038343270e-04
2.316297631384046e+01 1.858560814612296e-03 -4.979995039518198e-04
2.325416913397369e+01 1.813697188737600e-03 -4.859783574571657e-04
2.334536195410692e+01 1.769916520259542e-03 -4.742473866967858e-04
2.343655477424015e+01 1.727192667910758e-03 -4.627995872682391e-04
2.352774759437338e+01 1.685500121434738e-03 -4.516281238388111e-04
2.361894041450661e+01 1.644813986354688e-03 -4.407263260649902e-04
2.371013323463984e+01 1.605109969110011e-03 -4.300876846103970e-04
2.380132605477307e+01 1.566364362551519e-03 -4.197058472597956e-04
2.389251887490630e+01 1.528554031786732e-03 -4.095746151268697e-04
2.398371169503953e+01 1.491656400366802e-03 -3.996879389535019e-04
2.407490451517276e+01 1.455649436806839e-03 -3.900399154983518e-04
2.416609733530600e+01 1.420511641431575e-03 -3.806247840125781e-04
2.425729015543923e+01 1.386222033538528e-03 -3.714369228006043e-04
2.434848297557246e+01 1.352760138870997e-03 -3.624708458638768e-04
2.443967579570569e+01 1.320105977393416e-03 -3.537211996256143e-04
2.453086861583892e+01 1.288240051361768e-03 -3.451827597345940e-04
2.462206143597215e+01 1.257143333681941e-03 -3.368504279460706e-04
2.471325425610538e+01 1.226797256549074e-03 -3.287192290779658e-04
2.480444707623861e+01 1.197183700361113e-03 -3.207843080405135e-04
2.489563989637184e+01 1.168284982899962e-03 -3.130409269375883e-04
2.498683271650507e+01 1.140083848773771e-03 -3.054844622379899e-04
2.507802553663830e+01 1.112563459114051e-03 -2.981104020149941e-04
2.516921835677153e+01 1.085707381521482e-03 -2.909143432525229e-04
2.526041117690476e+01 1.059499580254389e-03 -2.838919892163300e-04
2.535160399703799e+01 1.033924406654057e-03 -2.770391468886298e-04
2.544279681717122e+01 1.008966589801144e-03 -2.703517244646399e-04
2.553398963730445e+01 9.846112273976298e-04 -2.638257289095457e-04
2.562518245743768e+01 9.608437768688525e-04 -2.574572635744260e-04
2.571637527757091e+01 9.376500466803201e-04 -2.512425258697194e-04
2.580756809770414e+01 9.150161878641153e-04 -2.451778049948424e-04
2.589876091783737e+01 8.929286857498336e-04 -2.392594797226040e-04
2.598995373797060e+01 8.713743518951192e-04 -2.334840162370950e-04
2.608114655810383e+01 8.503403162109805e-04 -2.278479660237618e-04
2.617233937823706e+01 8.298140192771836e-04 -2.223479638104055e-04
2.626353219837029e+01 8.097832048431384e-04 -2.169807255578766e-04
2.635472501850352e+01 7.902359125097969e-04 -2.117430464992675e-04
2.644591783863675e+01 7.711604705881969e-04 -2.066317992264315e-04
2.653711065876998e+01 7.525454891303882e-04 -2.016439318226867e-04
2.662830347890321e+01 7.343798531285769e-04 -1.967764660405897e-04
2.671949629903644e+01 7.166527158784328e-04 -1.920264955236923e-04
2.681068911916967e+01 6.993534925025924e-04 -1.873911840712191e-04
2.690188193930290e+01 6.824718536304949e-04 -1.828677639446308e-04
2.699307475943613e+01 6.659977192307758e-04 -1.784535342150615e-04
2.708426757956936e+01 6.499212525925351e-04 -1.741458591506445e-04
2.717546039970259e+01 6.342328544518894e-04 -1.699421666427635e-04
2.726665321983582e+01 6.189231572602983e-04 -1.658399466702894e-04
2.735784603996905e+01 6.039830195912449e-04 -1.618367498008873e-04
2.744903886010228e+01 5.894035206819297e-04 -1.579301857284971e-04
2.754023168023551e+01 5.751759551067202e-04 -1.541179218461160e-04
2.763142450036874e+01 5.612918275791744e-04 -1.503976818530312e-04
2.772261732050197e+01 5.477428478795367e-04 -1.467672443956695e-04
2.781381014063520e+01 5.345209259046760e-04 -1.432244417412549e-04
2.790500296076843e+01 5.216181668375106e-04 -1.397671584834802e-04
2.799619578090166e+01 5.090268664330369e-04 -1.363933302794216e-04
2.808738860103489e+01 4.967395064181465e-04 -1.331009426169407e-04
2.817858142116812e+01 4.847487500024850e-04 -1.298880296118397e-04
2.826977424130135e+01 4.730474374976725e-04 -1.267526728340501e-04
2.836096706143458e+01 4.616285820422696e-04 -1.236930001621554e-04
2.845215988156781e+01 4.504853654299386e-04 -1.207071846655628e-04
2.854335270170104e+01 4.396111340383045e-04 -1.177934435136580e-04
2.863454552183427e+01 4.289993948560904e-04 -1.149500369112902e-04
2.872573834196750e+01 4.186438116061512e-04 -1.121752670599528e-04
2.881693116210073e+01 4.085382009620921e-04 -1.094674771440393e-04
2.890812398223396e+01 3.986765288562141e-04 -1.068250503415698e-04
2.899931680236719e+01 3.890529068765798e-04 -1.042464088587957e-04
2.909050962250042e+01 3.796615887510500e-04 -1.017300129881082e-04
2.918170244263365e+01 3.704969669161907e-04 -9.927436018868745e-05
2.927289526276688e+01 3.615535691690031e-04 -9.687798418934268e-05
2.936408808290011e+01 3.528260553994761e-04 -9.453945411300882e-05
2.945528090303334e+01 3.443092144020106e-04 -9.225737362237630e-05
2.954647372316657e+01 3.359979607638131e-04 -9.003038008614384e-05
2.963766654329980e+01 3.278873318283985e-04 -8.785714376539684e-05
2.972885936343303e+01 3.199724847323916e-04 -8.573636701962512e-05
2.982005218356626e+01 3.122486935138544e-04 -8.366678353190651e-05
2.991124500369950e+01 3.047113462904177e-04 -8.164715755279310e-05
3.000243782383273e+01 2.973559425055273e-04 -7.967628316244908e-05
3.009363064396596e+01 2.901780902411622e-04 -7.775298355059950e-05
3.018482346409919e+01 2.831735035954228e-04 -7.587611031386009e-05
3.027601628423242e+01 2.763380001234182e-04 -7.404454277002852e-05
3.036720910436565e+01 2.696674983399299e-04 -7.225718728892764e-05
3.045840192449888e+01 2.631580152823569e-04 -7.051297663940142e-05
3.054959474463211e+01 2.568056641324885e-04 -6.881086935207331e-05
3.064078756476534e+01 2.506066518956851e-04 -6.714984909748693e-05
3.073198038489857e+01 2.445572771360814e-04 -6.552892407925757e-05
3.082317320503180e+01 2.386539277664574e-04 -6.394712644187214e-05
3.091436602516503e+01 2.328930788914616e-04 -6.240351169278411e-05
3.100555884529826e+01 2.272712907028947e-04 -6.089715813845833e-05
3.109675166543149e+01 2.217852064257994e-04 -5.942716633402904e-05
3.118794448556472e+01 2.164315503141290e-04 -5.799265854624234e-05
3.127913730569795e+01 2.112071256947984e-04 -5.659277822936255e-05
3.137033012583118e+01 2.061088130589499e-04 -5.522668951372972e-05
3.146152294596441e+01 2.011335681992927e-04 -5.389357670666245e-05
3.155271576609764e+01 1.962784203924056e-04 -5.259264380540849e-05
3.164390858623087e+01 1.915404706249169e-04 -5.132311402185204e-05
3.173510140636410e+01 1.869168898625021e-04 -5.008422931869402e-05
3.182629422649733e+01 1.824049173606660e-04 -4.887524995682843e-05
3.191748704663056e+01 1.780018590163009e-04 -4.769545405364448e-05
3.200867986676379e+01 1.737050857590360e-04 -4.654413715199072e-05
3.209987268689702e+01 1.695120319814180e-04 -4.542061179954393e-05
3.219106550703025e+01 1.654201940069856e-04 -4.432420713833156e-05
3.228225832716348e+01 1.614271285953226e-04 -4.325426850416248e-05
3.237345114729671e+01 1.575304514831972e-04 -4.221015703572717e-05
3.246464396742994e+01 1.537278359609177e-04 -4.119124929313363e-05
3.255583678756317e+01 1.500170114830517e-04 -4.019693688565148e-05
3.264702960769640e+01 1.463957623126827e-04 -3.922662610844182e-05
3.273822242782963e+01 1.428619261983912e-04 -3.827973758805602e-05
3.282941524796286e+01 1.394133930831737e-04 -3.735570593649184e-05
3.292060806809609e+01 1.360481038445254e-04 -3.645397941360011e-05
3.301180088822932e+01 1.327640490649373e-04 -3.557401959764058e-05
3.310299370836255e+01 1.295592678320708e-04 -3.471530106379020e-05
3.319418652849578e+01 1.264318465678961e-04 -3.387731107041181e-05
3.328537934862901e+01 1.233799178860927e-04 -3.305954925289596e-05
3.337657216876224e+01 1.204016594770320e-04 -3.226152732489298e-05
3.346776498889547e+01 1.174952930196746e-04 -3.148276878675713e-05
3.355895780902870e+01 1.146590831197333e-04 -3.072280864102835e-05
3.365015062916194e+01 1.118913362734680e-04 -2.998119311478215e-05
3.374134344929517e+01 1.091903998564928e-04 -2.925747938868158e-05
3.383253626942840e+01 1.065546611369931e-04 -2.855123533256957e-05
3.392372908956163e+01 1.039825463127616e-04 -2.786203924744380e-05
3.401492190969486e+01 1.014725195714799e-04 -2.718947961366004e-05
3.410611472982809e+01 9.902308217368389e-05 -2.653315484521345e-05
3.419730754996132e+01 9.663277155786453e-05 -2.589267304995145e-05
3.428850037009455e+01 9.430016046717159e-05 -2.526765179557464e-05
3.437969319022778e+01 9.202385609719713e-05 -2.465771788128618e-05
3.447088601036101e+01 8.980249926433076e-05 -2.406250711495346e-05
3.456207883049424e+01 8.763476359418995e-05 -2.348166409564867e-05
3.465327165062747e+01 8.551935472964067e-05 -2.291484200143869e-05
3.474446447076070e+01 8.345500955793552e-05 -2.236170238229747e-05
3.483565729089393e+01 8.144049545650806e-05 -2.182191495801727e-05
3.492685011102716e+01 7.947460955697271e-05 -2.129515742099815e-05
3.501804293116039e+01 7.755617802689085e-05 -2.078111524379782e-05
3.510923575129362e+01 7.568405536887455e-05 -2.027948149132711e-05
3.520042857142685e+01 7.385712373660890e-05 -1.978995663757877e-05
3.529162139156008e+01 7.207429226738492e-05 -1.931224838678024e-05
3.538281421169331e+01 7.033449643074454e-05 -1.884607149886369e-05
3.547400703182654e+01 6.863669739284830e-05 -1.839114761914886e-05
3.556519985195977e+01 6.697988139618688e-05 -1.794720511213733e-05
3.565639267209300e+01 6.536305915426537e-05 -1.751397889931869e-05
3.574758549222623e+01 6.378526526089945e-05 -1.709121030089199e-05
3.583877831235946e+01 6.224555761377038e-05 -1.667864688130778e-05
3.592997113249269e+01 6.074301685189484e-05 -1.627604229853865e-05
3.602116395262592e+01 5.927674580667364e-05 -1.588315615698817e-05
3.611235677275915e+01 5.784586896619148e-05 -1.549975386395052e-05
3.620354959289238e+01 5.644953195244787e-05 -1.512560648953495e-05
3.629474241302561e+01 5.508690101120727e-05 -1.476049062997154e-05
3.638593523315884e+01 5.375716251416361e-05 -1.440418827421664e-05
3.647712805329207e+01 5.245952247312208e-05 -1.405648667377825e-05
3.656832087342530e+01 5.119320606590792e-05 -1.371717821568375e-05
3.665951369355853e+01 4.995745717371945e-05 -1.338606029851395e-05
3.675070651369176e+01 4.875153792964872e-05 -1.306293521142965e-05
3.684189933382499e+01 4.757472827810047e-05 -1.274761001611830e-05
3.693309215395822e+01 4.642632554484630e-05 -1.243989643159035e-05
3.702428497409145e+01 4.530564401745708e-05 -1.213961072175652e-05
3.711547779422468e+01 4.421201453586350e-05 -1.184657358571878e-05
3.720667061435791e+01 4.314478409279988e-05 -1.156061005070965e-05
3.729786343449114e+01 4.210331544389289e-05 -1.128154936761580e-05
3.738905625462437e+01 4.108698672716232e-05 -1.100922490902355e-05
3.748024907475760e+01 4.009519109170664e-05 -1.074347406972554e-05
3.757144189489083e+01 3.912733633535182e-05 -1.048413816962896e-05
3.766263471502406e+01 3.818284455104673e-05 -1.023106235900757e-05
3.775382753515729e+01 3.726115178179429e-05 -9.984095526040740e-06
3.784502035529052e+01 3.636170768391226e-05 -9.743090206584437e-06
3.793621317542375e+01 3.548397519842239e-05 -9.507902496120278e-06
3.802740599555698e+01 3.462743023037198e-05 -9.278391963829978e-06
3.811859881569021e+01 3.379156133589633e-05 -9.054421568743974e-06
3.820979163582344e+01 3.297586941683506e-05 -8.835857577914146e-06
3.830098445595667e+01 3.217986742272008e-05 -8.622569486561735e-06
3.839217727608990e+01 3.140308005995731e-05 -8.414429940152810e-06
3.848337009622313e+01 3.064504350802837e-05 -8.211314658354770e-06
3.857456291635636e+01 2.990530514254290e-05 -8.013102360828404e-06
3.866575573648959e+01 2.918342326497611e-05 -7.819674694811318e-06
3.875694855662282e+01 2.847896683893009e-05 -7.630916164449365e-06
3.884814137675605e+01 2.779151523276161e-05 -7.446714061833964e-06
3.893933419688928e+01 2.712065796842247e-05 -7.266958399704100e-06
3.903052701702251e+01 2.646599447636277e-05 -7.091541845772815e-06
3.912171983715574e+01 2.582713385635028e-05 -6.920359658639002e-06
3.921291265728897e+01 2.520369464406363e-05 -6.753309625246207e-06
3.930410547742220e+01 2.459530458331954e-05 -6.590291999851118e-06
3.939529829755543e+01 2.400160040379829e-05 -6.431209444465273e-06
3.948649111768867e+01 2.342222760413464e-05 -6.275966970734464e-06
3.957768393782190e+01 2.285684024024469e-05 -6.124471883221088e-06
3.966887675795513e+01 2.230510071876240e-05 -5.976633724055614e-06
3.976006957808836e+01 2.176667959546213e-05 -5.832364218924095e-06
3.985126239822159e+01 2.124125537854728e-05 -5.691577224359495e-06
3.994245521835482e+01 2.072851433668714e-05 -5.554188676305334e-06
4.003364803848805e+01 2.022815031168762e-05 -5.420116539920956e-06
4.012484085862128e+01 1.973986453568388e-05 -5.289280760598451e-06
4.021603367875451e+01 1.926336545274575e-05 -5.161603216161955e-06
4.030722649888774e+01 1.879836854478941e-05 -5.037007670220841e-06
4.039841931902097e+01 1.834459616169128e-05 -4.915419726648875e-06
4.048961213915420e+01 1.790177735550293e-05 -4.796766785162230e-06
4.058080495928743e+01 1.746964771866777e-05 -4.680977997969774e-06
4.067199777942066e+01 1.704794922614298e-05 -4.567984227469788e-06
4.076319059955389e+01 1.663643008133260e-05 -4.457718004967831e-06
4.085438341968712e+01 1.623484456573940e-05 -4.350113490391123e-06
4.094557623982035e+01 1.584295289224624e-05 -4.245106432975363e-06
4.103676905995358e+01 1.546052106193885e-05 -4.142634132900539e-06
4.112796188008681e+01 1.508732072438489e-05 -4.042635403852801e-06
4.121915470022004e+01 1.472312904128568e-05 -3.945050536490051e-06
4.131034752035327e+01 1.436772855341917e-05 -3.849821262789437e-06
4.140154034048650e+01 1.402090705079493e-05 -3.756890721255453e-06
4.149273316061973e+01 1.368245744594321e-05 -3.666203422967892e-06
4.158392598075296e+01 1.335217765026293e-05 -3.577705218449349e-06
4.167511880088619e+01 1.302987045335429e-05 -3.491343265332516e-06
4.176631162101942e+01 1.271534340526428e-05 -3.407065996807952e-06
4.185750444115265e+01 1.240840870157460e-05 -3.324823090833487e-06
4.194869726128588e+01 1.210888307126347e-05 -3.244565440086883e-06
4.203989008141911e+01 1.181658766727430e-05 -3.166245122643800e-06
4.213108290155234e+01 1.153134795972596e-05 -3.089815373363570e-06
4.222227572168557e+01 1.125299363170077e-05 -3.015230555965681e-06
4.231346854181880e+01 1.098135847754812e-05 -2.942446135780310e-06
4.240466136195203e+01 1.071628030364294e-05 -2.871418653156628e-06
4.249585418208526e+01 1.045760083153965e-05 -2.802105697512994e-06
4.258704700221849e+01 1.020516560346401e-05 -2.734465882013561e-06
4.267823982235172e+01 9.958823890086187e-06 -2.668458818856148e-06
4.276943264248495e+01 9.718428600520124e-06 -2.604045095156649e-06
4.286062546261818e+01 9.483836194495440e-06 -2.541186249415553e-06
4.295181828275141e+01 9.254906596649381e-06 -2.479844748552552e-06
4.304301110288464e+01 9.031503112887675e-06 -2.419983965495493e-06
4.313420392301787e+01 8.813492348764355e-06 -2.361568157310321e-06
4.322539674315110e+01 8.600744129831796e-06 -2.304562443858936e-06
4.331658956328433e+01 8.393131423913435e-06 -2.248932786972231e-06
4.340778238341756e+01 8.190530265252710e-06 -2.194645970125858e-06
4.349897520355079e+01 7.992819680492995e-06 -2.141669578606618e-06
4.359016802368402e+01 7.799881616444276e-06 -2.089971980157594e-06
4.368136084381725e+01 7.611600869593492e-06 -2.039522306090508e-06
4.377255366395048e+01 7.427865017316377e-06 -1.990290432853984e-06
4.386374648408371e+01 7.248564350749811e-06 -1.942246964046760e-06
4.395493930421694e+01 7.073591809284544e-06 -1.895363212865052e-06
4.404613212435017e+01 6.902842916639199e-06 -1.849611184973648e-06
4.413732494448340e+01 6.736215718477379e-06 -1.804963561790451e-06
4.422851776461663e+01 6.573610721530628e-06 -1.761393684174534e-06
4.431971058474986e+01 6.414930834190901e-06 -1.718875536507936e-06
4.441090340488309e+01 6.260081308537067e-06 -1.677383731161710e-06
4.450209622501632e+01 6.108969683760828e-06 -1.636893493336949e-06
4.459328904514955e+01 5.961505730958275e-06 -1.597380646271721e-06
4.468448186528278e+01 5.817601399254129e-06 -1.558821596805107e-06
4.477567468541601e+01 5.677170763226460e-06 -1.521193321289696e-06
4.486686750554924e+01 5.540129971600540e-06 -1.484473351844145e-06
4.495806032568247e+01 5.406397197181160e-06 -1.448639762937583e-06
4.504925314581570e+01 5.275892587993527e-06 -1.413671158297854e-06
4.514044596594893e+01 5.148538219603576e-06 -1.379546658135781e-06
4.523163878608216e+01 5.024258048589201e-06 -1.346245886677826e-06
4.532283160621540e+01 4.902977867134656e-06 -1.313748959999691e-06
4.541402442634863e+01 4.784625258720996e-06 -1.282036474153608e-06
4.550521724648186e+01 4.669129554886098e-06 -1.251089493582224e-06
4.559641006661509e+01 4.556421793028448e-06 -1.220889539812157e-06
4.568760288674832e+01 4.446434675229510e-06 -1.191418580420485e-06
4.577879570688155e+01 4.339102528070060e-06 -1.162659018267566e-06
4.586998852701478e+01 4.234361263416532e-06 -1.134593680989767e-06
4.596118134714801e+01 4.132148340153917e-06 -1.107205810745830e-06
4.605237416728124e+01 4.032402726842409e-06 -1.080479054210749e-06
4.614356698741447e+01 3.935064865275471e-06 -1.054397452811179e-06
4.623475980754770e+01 3.840076634917562e-06 -1.028945433196561e-06
4.632595262768093e+01 3.747381318200313e-06 -1.004107797940255e-06
4.641714544781416e+01 3.656923566656407e-06 -9.798697164651420e-07
4.650833826794739e+01 3.568649367870954e-06 -9.562167161882723e-07
4.659953108808062e+01 3.482506013230624e-06 -9.331346738792709e-07
4.669072390821385e+01 3.398442066451281e-06 -9.106098072273427e-07
4.678191672834708e+01 3.316407332865320e-06 -8.886286666118403e-07
4.687310954848031e+01 3.236352829450393e-06 -8.671781270714826e-07
4.696430236861354e+01 3.158230755581580e-06 -8.462453804674258e-07
4.705549518874677e+01 3.081994464489602e-06 -8.258179278355130e-07
4.714668800888000e+01 3.007598435407981e-06 -8.058835719231283e-07
4.723788082901323e+01 2.934998246392546e-06 -7.864304099062050e-07
4.732907364914646e+01 2.864150547797043e-06 -7.674468262820382e-07
4.742026646927969e+01 2.795013036389023e-06 -7.489214859336562e-07
4.751145928941292e+01 2.727544430090531e-06 -7.308433273616098e-07
4.760265210954615e+01 2.661704443328543e-06 -7.132015560791409e-07
4.769384492967938e+01 2.597453762980406e-06 -6.959856381667832e-07
4.778503774981261e+01 2.534754024899933e-06 -6.791852939825480e-07
4.787623056994584e+01 2.473567791010133e-06 -6.627904920239400e-07
4.796742339007907e+01 2.413858526948896e-06 -6.467914429381360e-07
4.805861621021230e+01 2.355590580254292e-06 -6.311785936767538e-07
4.814980903034553e+01 2.298729159076447e-06 -6.159426217917167e-07
4.824100185047876e+01 2.243240311403292e-06 -6.010744298688101e-07
4.833219467061199e+01 2.189090904787789e-06 -5.865651400956069e-07
4.842338749074522e+01 2.136248606564508e-06 -5.724060889605164e-07
4.851458031087845e+01 2.084681864543761e-06 -5.585888220797925e-07
4.860577313101168e+01 2.034359888171759e-06 -5.451050891494128e-07
4.869696595114491e+01 1.985252630145539e-06 -5.319468390188141e-07
4.878815877127814e+01 1.937330768471690e-06 -5.191062148835417e-07
4.887935159141137e+01 1.890565688958162e-06 -5.065755495939439e-07
4.897054441154460e+01 1.844929468128703e-06 -4.943473610771093e-07
4.906173723167783e+01 1.800394856549723e-06 -4.824143478693129e-07
4.915293005181106e+01 1.756935262559625e-06 -4.707693847563054e-07
4.924412287194429e+01 1.714524736390907e-06 -4.594055185188400e-07
4.933531569207752e+01 1.673137954675518e-06 -4.483159637808988e-07
4.942650851221075e+01 1.632750205324259e-06 -4.374940989581372e-07
4.951770133234398e+01 1.593337372771163e-06 -4.269334623041297e-07
4.960889415247721e+01 1.554875923574071e-06 -4.166277480520545e-07
4.970008697261044e+01 1.517342892362786e-06 -4.065708026495136e-07
4.979127979274367e+01 1.480715868126429e-06 -3.967566210842406e-07
4.988247261287690e+01 1.444972980831802e-06 -3.871793432985018e-07
4.997366543301013e+01 1.410092888364769e-06 -3.778332506900494e-07

