-7.900000e-01 1.234000e-01
-7.650239e-01 3.048235e-01
-7.193566e-01 4.787105e-01
-6.539971e-01 6.429480e-01
-5.701949e-01 7.953455e-01
-4.694584e-01 9.336514e-01
-3.535580e-01 1.055625e+00
-2.245187e-01 1.159162e+00
-8.459439e-02 1.242458e+00
6.377706e-02 1.304185e+00
2.180389e-01 1.343649e+00
3.755956e-01 1.360892e+00
5.339010e-01 1.356711e+00
6.905427e-01 1.332597e+00
8.433157e-01 1.290585e+00
9.902738e-01 1.233064e+00
1.129759e+00 1.162558e+00
1.260406e+00 1.081531e+00
1.381122e+00 9.922281e-01
1.491061e+00 8.965651e-01
1.589576e+00 7.960714e-01
1.676173e+00 6.918756e-01
1.750468e+00 5.847248e-01
1.812146e+00 4.750257e-01
1.860918e+00 3.628979e-01
1.896498e+00 2.482329e-01
1.918575e+00 1.307543e-01
1.926802e+00 1.007771e-02
1.920780e+00 -1.142293e-01
1.900062e+00 -2.425847e-01
1.864157e+00 -3.753252e-01
1.812543e+00 -5.126308e-01
1.744688e+00 -6.544390e-01
1.660088e+00 -8.003462e-01
1.558312e+00 -9.495016e-01
1.439057e+00 -1.100498e+00
1.302222e+00 -1.251281e+00
1.147985e+00 -1.399095e+00
9.768852e-01 -1.540506e+00
7.898950e-01 -1.671539e+00
5.884677e-01 -1.787952e+00
3.745466e-01 -1.885646e+00
1.505190e-01 -1.961179e+00
-8.089101e-02 -2.012286e+00
-3.167855e-01 -2.038297e+00
-5.542921e-01 -2.040335e+00
-7.907719e-01 -2.021251e+00
-1.024003e+00 -1.985292e+00
-1.252315e+00 -1.937615e+00
-1.474666e+00 -1.883741e+00
-1.690652e+00 -1.829074e+00
-1.900473e+00 -1.778553e+00
-2.104867e+00 -1.736444e+00
-2.305025e+00 -1.706269e+00
-2.502506e+00 -1.690824e+00
-2.699152e+00 -1.692236e+00
-2.897021e+00 -1.712031e+00
-3.098311e+00 -1.751159e+00
-3.305298e+00 -1.809976e+00
-3.520262e+00 -1.888129e+00
-3.745389e+00 -1.984375e+00
-3.982658e+00 -2.096313e+00
-4.233684e+00 -2.220070e+00
-4.499535e+00 -2.350033e+00
-4.780515e+00 -2.478736e+00
-5.075963e+00 -2.597090e+00
-5.384095e+00 -2.695082e+00
-5.701968e+00 -2.763002e+00
-6.025600e+00 -2.793015e+00
-6.350283e+00 -2.780664e+00
-6.671035e+00 -2.725792e+00
-6.983111e+00 -2.632532e+00
-7.282452e+00 -2.508354e+00
-7.565992e+00 -2.362536e+00
-7.831770e+00 -2.204586e+00
-8.078883e+00 -2.043006e+00
-8.307324e+00 -1.884599e+00
-8.517765e+00 -1.734258e+00
-8.711341e+00 -1.595111e+00
-8.889464e+00 -1.468831e+00
-9.053676e+00 -1.356003e+00
-9.205536e+00 -1.256456e+00
-9.346557e+00 -1.169539e+00
-9.478154e+00 -1.094326e+00
-9.601631e+00 -1.029761e+00
-9.718161e+00 -9.747541e-01
-9.828796e+00 -9.282392e-01
-9.934463e+00 -8.892076e-01
-1.003598e+01 -8.567231e-01
-1.013405e+01 -8.299261e-01
-1.022930e+01 -8.080306e-01
-1.032225e+01 -7.903166e-01
-1.041335e+01 -7.761222e-01
-1.050298e+01 -7.648333e-01
-1.059143e+01 -7.558760e-01
-1.067895e+01 -7.487085e-01
-1.076571e+01 -7.428157e-01
-1.085184e+01 -7.377060e-01
-1.093739e+01 -7.329093e-01
-1.102239e+01 -7.279786e-01
-1.110678e+01 -7.224927e-01
-1.119048e+01 -7.160617e-01
-1.127336e+01 -7.083336e-01
-1.135526e+01 -6.990022e-01
-1.143596e+01 -6.878159e-01
-1.151524e+01 -6.745857e-01
-1.159286e+01 -6.591925e-01
-1.166855e+01 -6.415928e-01
-1.174208e+01 -6.218221e-01
-1.181318e+01 -5.999955e-01
-1.188163e+01 -5.763051e-01
-1.194723e+01 -5.510150e-01
-1.200981e+01 -5.244530e-01
-1.206924e+01 -4.969998e-01
-1.212545e+01 -4.690772e-01
-1.217840e+01 -4.411340e-01
-1.222812e+01 -4.136323e-01
-1.227469e+01 -3.870336e-01
-1.231824e+01 -3.617848e-01
-1.235895e+01 -3.383070e-01
-1.239705e+01 -3.169836e-01
-1.243281e+01 -2.981517e-01
-1.246654e+01 -2.820942e-01
-1.249858e+01 -2.690339e-01
-1.252927e+01 -2.591296e-01
-1.255900e+01 -2.524735e-01
-1.258815e+01 -2.490904e-01
-1.261709e+01 -2.489378e-01
-1.264620e+01 -2.519087e-01
-1.267583e+01 -2.578341e-01
-1.270631e+01 -2.664878e-01
-1.273794e+01 -2.775917e-01
-1.277099e+01 -2.908227e-01
-1.280569e+01 -3.058196e-01
-1.284221e+01 -3.221917e-01
-1.288070e+01 -3.395274e-01
-1.292124e+01 -3.574031e-01
-1.296388e+01 -3.753930e-01
-1.300859e+01 -3.930779e-01
-1.305532e+01 -4.100544e-01
-1.310397e+01 -4.259426e-01
-1.315439e+01 -4.403939e-01
-1.320639e+01 -4.530963e-01
-1.325975e+01 -4.637789e-01
-1.331423e+01 -4.722145e-01
-1.336955e+01 -4.782201e-01
-1.342541e+01 -4.816560e-01
-1.348153e+01 -4.824228e-01
-1.353757e+01 -4.804568e-01
-1.359323e+01 -4.757248e-01
-1.364817e+01 -4.682165e-01
-1.370208e+01 -4.579384e-01
-1.375463e+01 -4.449053e-01
-1.380551e+01 -4.291340e-01
-1.385439e+01 -4.106359e-01
-1.390096e+01 -3.894110e-01
-1.394490e+01 -3.654432e-01
-1.398590e+01 -3.386958e-01
-1.402361e+01 -3.091090e-01
-1.405772e+01 -2.765983e-01
-1.408786e+01 -2.410541e-01
-1.411369e+01 -2.023433e-01
-1.413482e+01 -1.603115e-01
-1.415086e+01 -1.147877e-01
-1.416139e+01 -6.558983e-02
-1.416597e+01 -1.253341e-02
-1.416415e+01 4.455858e-02
-1.415544e+01 1.058425e-01
-1.413935e+01 1.714378e-01
-1.411538e+01 2.414079e-01
-1.408301e+01 3.157363e-01
-1.404174e+01 3.943000e-01
-1.399109e+01 4.768379e-01
-1.393063e+01 5.629182e-01
-1.385998e+01 6.519038e-01
-1.377885e+01 7.429208e-01
-1.368706e+01 8.348338e-01
-1.358460e+01 9.262352e-01
-1.347160e+01 1.015455e+00
-1.334845e+01 1.100599e+00
-1.321572e+01 1.179623e+00
-1.307425e+01 1.250441e+00
-1.292512e+01 1.311070e+00
-1.276962e+01 1.359790e+00
-1.260920e+01 1.395309e+00
-1.244545e+01 1.416899e+00
-1.228002e+01 1.424488e+00
-1.211448e+01 1.418684e+00
-1.195034e+01 1.400723e+00
-1.178892e+01 1.372366e+00
-1.163130e+01 1.335743e+00
-1.147831e+01 1.293183e+00
-1.133050e+01 1.247053e+00
-1.118816e+01 1.199625e+00
-1.105131e+01 1.152970e+00
-1.091975e+01 1.108906e+00
-1.079309e+01 1.068972e+00
-1.067078e+01 1.034436e+00
-1.055212e+01 1.006316e+00
-1.043632e+01 9.854264e-01
-1.032249e+01 9.724150e-01
-1.020970e+01 9.678110e-01
-1.009693e+01 9.720655e-01
-9.983131e+00 9.855866e-01
-9.867199e+00 1.008766e+00
-9.747990e+00 1.041998e+00
-9.624310e+00 1.085679e+00
-9.494921e+00 1.140201e+00
-9.358539e+00 1.205914e+00
-9.213848e+00 1.283071e+00
-9.059508e+00 1.371732e+00
-8.894194e+00 1.471635e+00
-8.716636e+00 1.582018e+00
-8.525692e+00 1.701405e+00
-8.320445e+00 1.827365e+00
-8.100328e+00 1.956287e+00
-7.865271e+00 2.083234e+00
-7.615854e+00 2.201972e+00
-7.353447e+00 2.305265e+00
-7.080290e+00 2.385507e+00
-6.799484e+00 2.435660e+00
-6.514865e+00 2.450328e+00
-6.230756e+00 2.426699e+00
-5.951625e+00 2.365053e+00
-5.681734e+00 2.268657e+00
-5.424818e+00 2.143085e+00
-5.183881e+00 1.995192e+00
-4.961107e+00 1.832052e+00
-4.757884e+00 1.660099e+00
-4.574920e+00 1.484605e+00
-4.412385e+00 1.309472e+00
-4.270076e+00 1.137274e+00
-4.147559e+00 9.694316e-01
-4.044290e+00 8.064548e-01
-3.959706e+00 6.481733e-01
-3.893295e+00 4.939426e-01
-3.844640e+00 3.428078e-01
-3.813444e+00 1.936255e-01
-3.799554e+00 4.515437e-02
-3.802958e+00 -1.038787e-01
-3.823798e+00 -2.547252e-01
-3.862352e+00 -4.085644e-01
-3.919032e+00 -5.664447e-01
-3.994359e+00 -7.292067e-01
-4.088936e+00 -8.973787e-01
-4.203402e+00 -1.071036e+00
-4.338370e+00 -1.249619e+00
-4.494340e+00 -1.431727e+00
-4.671591e+00 -1.614895e+00
-4.870042e+00 -1.795420e+00
-5.089109e+00 -1.968311e+00
-5.327557e+00 -2.127452e+00
-5.583394e+00 -2.266077e+00
-5.853843e+00 -2.377573e+00
-6.135415e+00 -2.456527e+00
-6.424114e+00 -2.499777e+00
-6.715745e+00 -2.507179e+00
-7.006286e+00 -2.481807e+00
-7.292242e+00 -2.429532e+00
-7.570920e+00 -2.358100e+00
-7.840584e+00 -2.276020e+00
-8.100482e+00 -2.191541e+00
-8.350769e+00 -2.111926e+00
-8.592368e+00 -2.043056e+00
-8.826799e+00 -1.989329e+00
-9.056011e+00 -1.953735e+00
-9.282226e+00 -1.938000e+00
-9.507799e+00 -1.942722e+00
-9.735095e+00 -1.967457e+00
-9.966367e+00 -2.010710e+00
-1.020363e+01 -2.069864e+00
-1.044851e+01 -2.141058e+00
-1.070214e+01 -2.219083e+00
-1.096493e+01 -2.297391e+00
-1.123648e+01 -2.368300e+00
-1.151545e+01 -2.423506e+00
-1.179953e+01 -2.454898e+00
-1.208554e+01 -2.455582e+00
-1.236960e+01 -2.420896e+00
-1.264746e+01 -2.349106e+00
-1.291487e+01 -2.241569e+00
-1.316787e+01 -2.102292e+00
-1.340309e+01 -1.937057e+00
-1.361789e+01 -1.752377e+00
-1.381037e+01 -1.554556e+00
-1.397935e+01 -1.349032e+00
-1.412418e+01 -1.140044e+00
-1.424463e+01 -9.305680e-01
-1.434078e+01 -7.224326e-01
-1.441284e+01 -5.165325e-01
-1.446108e+01 -3.130662e-01
-1.448578e+01 -1.117685e-01
-1.448715e+01 8.788031e-02
-1.446537e+01 2.864664e-01
-1.442051e+01 4.844679e-01
-1.435264e+01 6.820844e-01
-1.426181e+01 8.790626e-01
-1.414813e+01 1.074519e+00
-1.401188e+01 1.266769e+00
-1.385356e+01 1.453200e+00
-1.367407e+01 1.630218e+00
-1.347473e+01 1.793348e+00
-1.325747e+01 1.937529e+00
-1.302478e+01 2.057631e+00
-1.277975e+01 2.149158e+00
-1.252588e+01 2.209017e+00
-1.226696e+01 2.236150e+00
-1.200673e+01 2.231873e+00
-1.174866e+01 2.199781e+00
-1.149569e+01 2.145273e+00
-1.125005e+01 2.074814e+00
-1.101321e+01 1.995155e+00
-1.078587e+01 1.912663e+00
-1.056801e+01 1.832876e+00
-1.035906e+01 1.760278e+00
-1.015796e+01 1.698270e+00
-9.963347e+00 1.649250e+00
-9.773600e+00 1.614760e+00
-9.586979e+00 1.595625e+00
-9.401676e+00 1.592077e+00
-9.215892e+00 1.603820e+00
-9.027888e+00 1.630057e+00
-8.836049e+00 1.669454e+00
-8.638952e+00 1.720070e+00
-8.435437e+00 1.779262e+00
-8.224698e+00 1.843595e+00
-8.006378e+00 1.908798e+00
-7.780662e+00 1.969816e+00
-7.548362e+00 2.021004e+00
-7.310963e+00 2.056488e+00
-7.070622e+00 2.070690e+00
-6.830100e+00 2.058932e+00
-6.592620e+00 2.018011e+00
-6.361673e+00 1.946586e+00
-6.140790e+00 1.845287e+00
-5.933323e+00 1.716502e+00
-5.742266e+00 1.563912e+00
-5.570138e+00 1.391906e+00
-5.418932e+00 1.205017e+00
-5.290130e+00 1.007470e+00
-5.184754e+00 8.029127e-01
-5.103440e+00 5.943035e-01
-5.046521e+00 3.839385e-01
-5.014093e+00 1.735688e-01
-5.006076e+00 -3.543185e-02
-5.022240e+00 -2.418769e-01
-5.062218e+00 -4.445759e-01
-5.125499e+00 -6.421569e-01
-5.211391e+00 -8.329178e-01
-5.318981e+00 -1.014723e+00
-5.447080e+00 -1.184966e+00
-5.594170e+00 -1.340629e+00
-5.758366e+00 -1.478442e+00
-5.937401e+00 -1.595168e+00
-6.128649e+00 -1.687961e+00
-6.329198e+00 -1.754772e+00
-6.535958e+00 -1.794690e+00
-6.745814e+00 -1.808160e+00
-6.955780e+00 -1.797007e+00
-7.163157e+00 -1.764251e+00
-7.365652e+00 -1.713771e+00
-7.561450e+00 -1.649888e+00
-7.749247e+00 -1.576951e+00
-7.928229e+00 -1.499003e+00
-8.098024e+00 -1.419552e+00
-8.258628e+00 -1.341462e+00
-8.410335e+00 -1.266931e+00
-8.553656e+00 -1.197537e+00
-8.689255e+00 -1.134328e+00
-8.817890e+00 -1.077918e+00
-8.940373e+00 -1.028588e+00
-9.057530e+00 -9.863753e-01
-9.170183e+00 -9.511441e-01
-9.279132e+00 -9.226464e-01
-9.385142e+00 -9.005639e-01
-9.488938e+00 -8.845376e-01
-9.591203e+00 -8.741867e-01
-9.692575e+00 -8.691178e-01
-9.793645e+00 -8.689266e-01
-9.894957e+00 -8.731940e-01
-9.997003e+00 -8.814764e-01
-1.010022e+01 -8.932938e-01
-1.020500e+01 -9.081141e-01
-1.031164e+01 -9.253370e-01
-1.042040e+01 -9.442778e-01
-1.053142e+01 -9.641535e-01
-1.064477e+01 -9.840735e-01
-1.076039e+01 -1.003037e+00
-1.087811e+01 -1.019939e+00
-1.099762e+01 -1.033591e+00
-1.111846e+01 -1.042749e+00
-1.124005e+01 -1.046162e+00
-1.136164e+01 -1.042627e+00
-1.148237e+01 -1.031057e+00
-1.160124e+01 -1.010546e+00
-1.171716e+01 -9.804369e-01
-1.182901e+01 -9.403698e-01
-1.193561e+01 -8.903204e-01
-1.203582e+01 -8.306111e-01
-1.212855e+01 -7.619009e-01
-1.221281e+01 -6.851537e-01
-1.228773e+01 -6.015915e-01
-1.235260e+01 -5.126368e-01
-1.240688e+01 -4.198519e-01
-1.245022e+01 -3.248815e-01
-1.248246e+01 -2.293998e-01
-1.250364e+01 -1.350673e-01
-1.251400e+01 -4.349457e-02
-1.251393e+01 4.378645e-02
-1.250403e+01 1.253460e-01
-1.248504e+01 1.998771e-01
-1.245784e+01 2.662134e-01
-1.242344e+01 3.233470e-01
-1.238298e+01 3.704434e-01
-1.233765e+01 4.068548e-01
-1.228873e+01 4.321292e-01
-1.223753e+01 4.460145e-01
-1.218538e+01 4.484553e-01
-1.213361e+01 4.395842e-01
-1.208351e+01 4.197056e-01
-1.203635e+01 3.892747e-01
-1.199331e+01 3.488742e-01
-1.195552e+01 2.991896e-01
-1.192402e+01 2.409874e-01
-1.189974e+01 1.750962e-01
-1.188354e+01 1.023949e-01
-1.187614e+01 2.380607e-02
-1.187819e+01 -5.970409e-02
-1.189019e+01 -1.471201e-01
-1.191253e+01 -2.373686e-01
-1.194549e+01 -3.293085e-01
-1.198919e+01 -4.217233e-01
-1.204360e+01 -5.133190e-01
-1.210856e+01 -6.027308e-01
-1.218372e+01 -6.885427e-01
-1.226859e+01 -7.693208e-01
-1.236250e+01 -8.436624e-01
-1.246462e+01 -9.102572e-01
-1.257398e+01 -9.679579e-01
-1.268949e+01 -1.015852e+00
-1.280998e+01 -1.053325e+00
-1.293420e+01 -1.080109e+00
-1.306092e+01 -1.096305e+00
-1.318893e+01 -1.102379e+00
-1.331709e+01 -1.099122e+00
-1.344438e+01 -1.087600e+00
-1.356991e+01 -1.069072e+00
-1.369295e+01 -1.044907e+00
-1.381291e+01 -1.016509e+00
-1.392939e+01 -9.852431e-01
-1.404213e+01 -9.523780e-01
-1.415100e+01 -9.190504e-01
-1.425602e+01 -8.862411e-01
-1.435729e+01 -8.547672e-01
-1.445501e+01 -8.252864e-01
-1.454944e+01 -7.983089e-01
-1.464090e+01 -7.742152e-01
-1.472973e+01 -7.532763e-01
-1.481632e+01 -7.356749e-01
-1.490106e+01 -7.215256e-01
-1.498437e+01 -7.108937e-01
-1.506663e+01 -7.038118e-01
-1.514829e+01 -7.002940e-01
-1.522974e+01 -7.003469e-01
-1.531140e+01 -7.039793e-01
-1.539370e+01 -7.112079e-01
-1.547705e+01 -7.220614e-01
-1.556188e+01 -7.365815e-01
-1.564861e+01 -7.548214e-01
-1.573768e+01 -7.768407e-01
-1.582953e+01 -8.026969e-01
-1.592462e+01 -8.324333e-01
-1.602340e+01 -8.660614e-01
-1.612631e+01 -9.035385e-01
-1.623381e+01 -9.447396e-01
-1.634630e+01 -9.894229e-01
-1.646418e+01 -1.037190e+00
-1.658776e+01 -1.087441e+00
-1.671730e+01 -1.139330e+00
-1.685292e+01 -1.191724e+00
-1.699459e+01 -1.243166e+00
-1.714211e+01 -1.291870e+00
-1.729503e+01 -1.335731e+00
-1.745267e+01 -1.372384e+00
-1.761403e+01 -1.399305e+00
-1.777783e+01 -1.413958e+00
-1.794250e+01 -1.413978e+00
-1.810623e+01 -1.397367e+00
-1.826698e+01 -1.362683e+00
-1.842261e+01 -1.309179e+00
-1.857091e+01 -1.236877e+00
-1.870974e+01 -1.146562e+00
-1.883708e+01 -1.039696e+00
-1.895113e+01 -9.182818e-01
-1.905031e+01 -7.846913e-01
-1.913336e+01 -6.415041e-01
-1.919932e+01 -4.913660e-01
-1.924754e+01 -3.368882e-01
-1.927765e+01 -1.805886e-01
-1.928958e+01 -2.487028e-02
-1.928355e+01 1.279746e-01
-1.926000e+01 2.757476e-01
-1.921966e+01 4.163267e-01
-1.916348e+01 5.476616e-01
-1.909265e+01 6.677884e-01
-1.900858e+01 7.748687e-01
-1.891290e+01 8.672530e-01
-1.880738e+01 9.435592e-01
-1.869398e+01 1.002757e+00
-1.857472e+01 1.044239e+00
-1.845167e+01 1.067872e+00
-1.832689e+01 1.074004e+00
-1.820239e+01 1.063429e+00
-1.808003e+01 1.037320e+00
-1.796154e+01 9.971167e-01
-1.784847e+01 9.444166e-01
-1.774218e+01 8.808498e-01
-1.764385e+01 8.079771e-01
-1.755447e+01 7.272084e-01
-1.747488e+01 6.397481e-01
-1.740581e+01 5.465675e-01
-1.734788e+01 4.484019e-01
-1.730164e+01 3.457661e-01
-1.726758e+01 2.389851e-01
-1.724618e+01 1.282357e-01
-1.723789e+01 1.359508e-02
-1.724316e+01 -1.049036e-01
-1.726245e+01 -2.272106e-01
-1.729618e+01 -3.531930e-01
-1.734477e+01 -4.825635e-01
-1.740859e+01 -6.148037e-01
-1.748792e+01 -7.490871e-01
-1.758294e+01 -8.842052e-01
-1.769365e+01 -1.018510e+00
-1.781985e+01 -1.149883e+00
-1.796103e+01 -1.275758e+00
-1.811640e+01 -1.393205e+00
-1.828480e+01 -1.499099e+00
-1.846469e+01 -1.590371e+00
-1.865422e+01 -1.664317e+00
-1.885124e+01 -1.718935e+00
-1.905344e+01 -1.753212e+00
-1.925845e+01 -1.767314e+00
-1.946399e+01 -1.762622e+00
-1.966800e+01 -1.741615e+00
-1.986877e+01 -1.707615e+00
-2.006502e+01 -1.664460e+00
-2.025591e+01 -1.616172e+00
-2.044108e+01 -1.566659e+00
-2.062058e+01 -1.519511e+00
-2.079490e+01 -1.477870e+00
-2.096482e+01 -1.444393e+00
-2.113142e+01 -1.421263e+00
-2.129603e+01 -1.410239e+00
-2.146013e+01 -1.412725e+00
-2.162535e+01 -1.429821e+00
-2.179346e+01 -1.462365e+00
-2.196628e+01 -1.510932e+00
-2.214570e+01 -1.575795e+00
-2.233361e+01 -1.656823e+00
-2.253186e+01 -1.753318e+00
-2.274217e+01 -1.863792e+00
-2.296603e+01 -1.985688e+00
-2.320456e+01 -2.115093e+00
-2.345832e+01 -2.246522e+00
-2.372715e+01 -2.372882e+00
-2.400999e+01 -2.485763e+00
-2.430474e+01 -2.576152e+00
-2.460828e+01 -2.635572e+00
-2.491661e+01 -2.657454e+00
-2.522511e+01 -2.638366e+00
-2.552900e+01 -2.578696e+00
-2.582378e+01 -2.482520e+00
-2.610556e+01 -2.356718e+00
-2.637139e+01 -2.209641e+00
-2.661927e+01 -2.049764e+00
-2.684819e+01 -1.884650e+00
-2.705788e+01 -1.720356e+00
-2.724873e+01 -1.561261e+00
-2.742152e+01 -1.410172e+00
-2.757727e+01 -1.268597e+00
-2.771712e+01 -1.137054e+00
-2.784225e+01 -1.015367e+00
-2.795377e+01 -9.029089e-01
-2.805269e+01 -7.987926e-01
-2.813994e+01 -7.020018e-01
-2.821630e+01 -6.114837e-01
-2.828244e+01 -5.262068e-01
-2.833892e+01 -4.451946e-01
-2.838617e+01 -3.675422e-01
-2.842455e+01 -2.924214e-01
-2.845429e+01 -2.190777e-01
-2.847557e+01 -1.468227e-01
-2.848848e+01 -7.502276e-02
-2.849303e+01 -3.086394e-03
-2.848917e+01 6.955020e-02
-2.847679e+01 1.434373e-01
-2.845572e+01 2.191260e-01
-2.842571e+01 2.971810e-01
-2.838645e+01 3.781924e-01
-2.833756e+01 4.627838e-01
-2.827859e+01 5.516157e-01
-2.820900e+01 6.453825e-01
-2.812818e+01 7.447980e-01
-2.803543e+01 8.505672e-01
-2.792997e+01 9.633372e-01
-2.781096e+01 1.083620e+00
-2.767750e+01 1.211683e+00
-2.752869e+01 1.347393e+00
-2.736368e+01 1.490023e+00
-2.718174e+01 1.638018e+00
-2.698239e+01 1.788756e+00
-2.676552e+01 1.938337e+00
-2.653156e+01 2.081505e+00
-2.628163e+01 2.211776e+00
-2.601764e+01 2.321887e+00
-2.574237e+01 2.404582e+00
-2.545938e+01 2.453657e+00
-2.517284e+01 2.465041e+00
-2.488725e+01 2.437586e+00
-2.460702e+01 2.373320e+00
-2.433619e+01 2.277054e+00
-2.407811e+01 2.155488e+00
-2.383528e+01 2.016098e+00
-2.360935e+01 1.866121e+00
-2.340118e+01 1.711826e+00
-2.321097e+01 1.558141e+00
-2.303842e+01 1.408573e+00
-2.288293e+01 1.265335e+00
-2.274367e+01 1.129573e+00
-2.261976e+01 1.001623e+00
-2.251029e+01 8.812394e-01
-2.241442e+01 7.677956e-01
-2.233138e+01 6.604314e-01
-2.226053e+01 5.581614e-01
-2.220133e+01 4.599485e-01
-2.215338e+01 3.647508e-01
-2.211638e+01 2.715478e-01
-2.209015e+01 1.793525e-01
-2.207464e+01 8.721316e-02
-2.206989e+01 -5.791046e-03
-2.207605e+01 -1.005585e-01
-2.209339e+01 -1.979750e-01
-2.212226e+01 -2.989234e-01
-2.216312e+01 -4.042886e-01
-2.221655e+01 -5.149579e-01
-2.228320e+01 -6.318091e-01
-2.236385e+01 -7.556835e-01
-2.245936e+01 -8.873351e-01
-2.257067e+01 -1.027349e+00
-2.269877e+01 -1.176017e+00
-2.284467e+01 -1.333167e+00
-2.300931e+01 -1.497938e+00
-2.319348e+01 -1.668516e+00
-2.339770e+01 -1.841859e+00
-2.362204e+01 -2.013480e+00
-2.386596e+01 -2.177390e+00
-2.412816e+01 -2.326324e+00
-2.440643e+01 -2.452357e+00
-2.469766e+01 -2.547930e+00
-2.499795e+01 -2.607120e+00
-2.530283e+01 -2.626850e+00
-2.560773e+01 -2.607650e+00
-2.590831e+01 -2.553672e+00
-2.620092e+01 -2.471962e+00
-2.648282e+01 -2.371245e+00
-2.675235e+01 -2.260606e+00
-2.700883e+01 -2.148407e+00
-2.725251e+01 -2.041614e+00
-2.748435e+01 -1.945532e+00
-2.770582e+01 -1.863831e+00
-2.791873e+01 -1.798753e+00
-2.812510e+01 -1.751364e+00
-2.832699e+01 -1.721791e+00
-2.852644e+01 -1.709399e+00
-2.872540e+01 -1.712898e+00
-2.892559e+01 -1.730384e+00
-2.912852e+01 -1.759329e+00
-2.933533e+01 -1.796551e+00
-2.954677e+01 -1.838190e+00
-2.976309e+01 -1.879739e+00
-2.998401e+01 -1.916163e+00
-3.020860e+01 -1.942137e+00
-3.043535e+01 -1.952412e+00
-3.066215e+01 -1.942277e+00
-3.088640e+01 -1.908039e+00
-3.110515e+01 -1.847421e+00
-3.131527e+01 -1.759784e+00
-3.151366e+01 -1.646112e+00
-3.169742e+01 -1.508770e+00
-3.186398e+01 -1.351101e+00
-3.201119e+01 -1.176960e+00
-3.213738e+01 -9.902927e-01
-3.224130e+01 -7.948127e-01
-3.232213e+01 -5.938165e-01
-3.237939e+01 -3.901212e-01
-3.241290e+01 -1.861024e-01
-3.242276e+01 1.620185e-02
-3.240927e+01 2.149525e-01
-3.237295e+01 4.083620e-01
-3.231452e+01 5.945600e-01
-3.223495e+01 7.714913e-01
-3.213543e+01 9.368648e-01
-3.201747e+01 1.088167e+00
-3.188285e+01 1.222757e+00
-3.173367e+01 1.338033e+00
-3.157232e+01 1.431674e+00
-3.140142e+01 1.501902e+00
-3.122376e+01 1.547725e+00
-3.104219e+01 1.569117e+00
-3.085952e+01 1.567066e+00
-3.067836e+01 1.543502e+00
-3.050106e+01 1.501097e+00
-3.032965e+01 1.442988e+00
-3.016574e+01 1.372484e+00
-3.001061e+01 1.292786e+00
-2.986514e+01 1.206782e+00
-2.972993e+01 1.116907e+00
-2.960530e+01 1.025081e+00
-2.949140e+01 9.327059e-01
-2.938824e+01 8.406997e-01
-2.929573e+01 7.495599e-01
-2.921377e+01 6.594317e-01
-2.914224e+01 5.701780e-01
-2.908106e+01 4.814420e-01
-2.903020e+01 3.927016e-01
-2.898970e+01 3.033131e-01
-2.895967e+01 2.125458e-01
-2.894032e+01 1.196097e-01
-2.893195e+01 2.367643e-02
-2.893496e+01 -7.610253e-02
-2.894984e+01 -1.805780e-01
-2.897720e+01 -2.905830e-01
-2.901771e+01 -4.069060e-01
-2.907216e+01 -5.302532e-01
-2.914140e+01 -6.611942e-01
-2.922634e+01 -8.000858e-01
-2.932790e+01 -9.469671e-01
-2.944700e+01 -1.101424e+00
-2.958447e+01 -1.262423e+00
-2.974096e+01 -1.428129e+00
-2.991688e+01 -1.595730e+00
-3.011223e+01 -1.761320e+00
-3.032649e+01 -1.919919e+00
-3.055852e+01 -2.065686e+00
-3.080646e+01 -2.192408e+00
-3.106775e+01 -2.294254e+00
-3.133921e+01 -2.366680e+00
-3.161726e+01 -2.407307e+00
-3.189819e+01 -2.416496e+00
-3.217851e+01 -2.397452e+00
-3.245523e+01 -2.355809e+00
-3.272613e+01 -2.298820e+00
-3.298990e+01 -2.234412e+00
-3.324612e+01 -2.170320e+00
-3.349524e+01 -2.113460e+00
-3.373845e+01 -2.069582e+00
-3.397753e+01 -2.043142e+00
-3.421471e+01 -2.037322e+00
-3.445251e+01 -2.054090e+00
-3.469363e+01 -2.094225e+00
-3.494075e+01 -2.157262e+00
-3.519646e+01 -2.241333e+00
-3.546302e+01 -2.342921e+00
-3.574216e+01 -2.456585e+00
-3.603487e+01 -2.574807e+00
-3.634115e+01 -2.688104e+00
-3.665981e+01 -2.785642e+00
-3.698836e+01 -2.856425e+00
-3.732312e+01 -2.890967e+00
-3.765947e+01 -2.883050e+00
-3.799232e+01 -2.830989e+00
-3.831667e+01 -2.737914e+00
-3.862814e+01 -2.610951e+00
-3.892332e+01 -2.459625e+00
-3.919997e+01 -2.294067e+00
-3.945699e+01 -2.123551e+00
-3.969425e+01 -1.955602e+00
-3.991239e+01 -1.795694e+00
-4.011257e+01 -1.647350e+00
-4.029627e+01 -1.512480e+00
-4.046509e+01 -1.391773e+00
-4.062069e+01 -1.285079e+00
-4.076466e+01 -1.191709e+00
-4.089850e+01 -1.110675e+00
-4.102356e+01 -1.040846e+00
-4.114110e+01 -9.810563e-01
-4.125221e+01 -9.301740e-01
-4.135787e+01 -8.871332e-01
-4.145892e+01 -8.509538e-01
-4.155612e+01 -8.207451e-01
-4.165012e+01 -7.957028e-01
-4.174146e+01 -7.751013e-01
-4.183064e+01 -7.582848e-01
-4.191805e+01 -7.446563e-01
-4.200403e+01 -7.336688e-01
-4.208886e+01 -7.248160e-01
-4.217277e+01 -7.176255e-01
-4.225591e+01 -7.116531e-01
-4.233841e+01 -7.064791e-01
-4.242033e+01 -7.017065e-01
-4.250170e+01 -6.969615e-01
-4.258251e+01 -6.918948e-01
-4.266269e+01 -6.861856e-01
-4.274215e+01 -6.795462e-01
-4.282078e+01 -6.717272e-01
-4.289842e+01 -6.625239e-01
-4.297490e+01 -6.517822e-01
-4.305003e+01 -6.394030e-01
-4.312363e+01 -6.253468e-01
-4.319549e+01 -6.096358e-01
-4.326544e+01 -5.923536e-01
-4.333328e+01 -5.736438e-01
-4.339888e+01 -5.537056e-01
-4.346210e+01 -5.327873e-01
-4.352284e+01 -5.111784e-01
-4.358104e+01 -4.892000e-01
-4.363668e+01 -4.671939e-01
-4.368977e+01 -4.455123e-01
-4.374038e+01 -4.245059e-01
-4.378860e+01 -4.045138e-01
-4.383457e+01 -3.858537e-01
-4.387846e+01 -3.688129e-01
-4.392047e+01 -3.536410e-01
-4.396083e+01 -3.405439e-01
-4.399980e+01 -3.296792e-01
-4.403764e+01 -3.211530e-01
-4.407463e+01 -3.150186e-01
-4.411104e+01 -3.112757e-01
-4.414716e+01 -3.098721e-01
-4.418324e+01 -3.107054e-01
-4.421954e+01 -3.136266e-01
-4.425630e+01 -3.184444e-01
-4.429371e+01 -3.249303e-01
-4.433197e+01 -3.328240e-01
-4.437121e+01 -3.418404e-01
-4.441155e+01 -3.516761e-01
-4.445307e+01 -3.620159e-01
-4.449580e+01 -3.725403e-01
-4.453976e+01 -3.829318e-01
-4.458490e+01 -3.928813e-01
-4.463116e+01 -4.020935e-01
-4.467843e+01 -4.102922e-01
-4.472659e+01 -4.172235e-01
-4.477546e+01 -4.226589e-01
-4.482488e+01 -4.263967e-01
-4.487462e+01 -4.282620e-01
-4.492446e+01 -4.281064e-01
-4.497416e+01 -4.258053e-01
-4.502346e+01 -4.212556e-01
-4.507210e+01 -4.143716e-01
-4.511980e+01 -4.050807e-01
-4.516627e+01 -3.933191e-01
-4.521123e+01 -3.790269e-01
-4.525437e+01 -3.621436e-01
-4.529540e+01 -3.426038e-01
-4.533400e+01 -3.203340e-01
-4.536984e+01 -2.952489e-01
-4.540259e+01 -2.672498e-01
-4.543191e+01 -2.362235e-01
-4.545744e+01 -2.020421e-01
-4.547880e+01 -1.645643e-01
-4.549560e+01 -1.236382e-01
-4.550743e+01 -7.910541e-02
-4.551386e+01 -3.080750e-02
-4.551445e+01 2.140607e-02
-4.550873e+01 7.766723e-02
-4.549622e+01 1.380760e-01
-4.547643e+01 2.026843e-01
-4.544889e+01 2.714759e-01
-4.541310e+01 3.443444e-01
-4.536860e+01 4.210662e-01
-4.531498e+01 5.012731e-01
-4.525184e+01 5.844224e-01
-4.517889e+01 6.697690e-01
-4.509593e+01 7.563433e-01
-4.500288e+01 8.429375e-01
-4.489982e+01 9.281089e-01
-4.478702e+01 1.010205e+00
-4.466493e+01 1.087414e+00
-4.453423e+01 1.157851e+00
-4.439582e+01 1.219665e+00
-4.425080e+01 1.271179e+00
-4.410045e+01 1.311021e+00
-4.394620e+01 1.338267e+00
-4.378953e+01 1.352528e+00
-4.363195e+01 1.354008e+00
-4.347490e+01 1.343494e+00
-4.331972e+01 1.322287e+00
-4.316754e+01 1.292098e+00
-4.301930e+01 1.254904e+00
-4.287570e+01 1.212806e+00
-4.273718e+01 1.167892e+00
-4.260395e+01 1.122134e+00
-4.247601e+01 1.077313e+00
-4.235315e+01 1.034973e+00
-4.223502e+01 9.964081e-01
-4.212109e+01 9.626752e-01
-4.201077e+01 9.346140e-01
-4.190335e+01 9.128830e-01
-4.179807e+01 8.979977e-01
-4.169410e+01 8.903691e-01
-4.159057e+01 8.903395e-01
-4.148660e+01 8.982151e-01
-4.138123e+01 9.142922e-01
-4.127350e+01 9.388764e-01
-4.116240e+01 9.722948e-01
-4.104688e+01 1.014897e+00
-4.092586e+01 1.067045e+00
-4.079819e+01 1.129085e+00
-4.066271e+01 1.201299e+00
-4.051823e+01 1.283832e+00
-4.036355e+01 1.376584e+00
-4.019751e+01 1.479066e+00
-4.001902e+01 1.590218e+00
-3.982718e+01 1.708204e+00
-3.962135e+01 1.830194e+00
-3.940127e+01 1.952197e+00
-3.916725e+01 2.069003e+00
-3.892024e+01 2.174314e+00
-3.866198e+01 2.261158e+00
-3.839503e+01 2.322586e+00
-3.812271e+01 2.352583e+00
-3.784894e+01 2.347005e+00
-3.757798e+01 2.304283e+00
-3.731411e+01 2.225663e+00
-3.706130e+01 2.114910e+00
-3.682298e+01 1.977566e+00
-3.660188e+01 1.820003e+00
-3.639998e+01 1.648527e+00
-3.621857e+01 1.468699e+00
-3.605835e+01 1.284961e+00
-3.591958e+01 1.100517e+00
-3.580220e+01 9.174077e-01
-3.570599e+01 7.366825e-01
-3.563066e+01 5.586176e-01
-3.557590e+01 3.829225e-01
-3.554148e+01 2.089250e-01
-3.552725e+01 3.572534e-02
-3.553318e+01 -1.376747e-01
-3.555934e+01 -3.122581e-01
-3.560592e+01 -4.888831e-01
-3.567321e+01 -6.681656e-01
-3.576152e+01 -8.503440e-01
-3.587119e+01 -1.035121e+00
-3.600247e+01 -1.221485e+00
-3.615544e+01 -1.407527e+00
-3.632989e+01 -1.590289e+00
-3.652523e+01 -1.765700e+00
-3.674031e+01 -1.928677e+00
-3.697335e+01 -2.073452e+00
-3.722189e+01 -2.194180e+00
-3.748282e+01 -2.285759e+00
-3.775254e+01 -2.344731e+00
-3.802716e+01 -2.370027e+00
-3.830283e+01 -2.363329e+00
-3.857605e+01 -2.328927e+00
-3.884396e+01 -2.273109e+00
-3.910448e+01 -2.203281e+00
-3.935644e+01 -2.127051e+00
-3.959950e+01 -2.051488e+00
-3.983410e+01 -1.982644e+00
-4.006133e+01 -1.925338e+00
-4.028274e+01 -1.883143e+00
-4.050024e+01 -1.858480e+00
-4.071596e+01 -1.852745e+00
-4.093215e+01 -1.866411e+00
-4.115103e+01 -1.899066e+00
-4.137476e+01 -1.949381e+00
-4.160527e+01 -2.015001e+00
-4.184414e+01 -2.092400e+00
-4.209246e+01 -2.176748e+00
-4.235072e+01 -2.261865e+00
-4.261857e+01 -2.340378e+00
-4.289478e+01 -2.404159e+00
-4.317715e+01 -2.445082e+00
-4.346261e+01 -2.456030e+00
-4.374734e+01 -2.431931e+00
-4.402710e+01 -2.370542e+00
-4.429757e+01 -2.272727e+00
-4.455471e+01 -2.142128e+00
-4.479501e+01 -1.984349e+00
-4.501569e+01 -1.805911e+00
-4.521472e+01 -1.613277e+00
-4.539078e+01 -1.412126e+00
-4.554318e+01 -1.206964e+00
-4.567163e+01 -1.001010e+00
-4.577617e+01 -7.962902e-01
-4.585702e+01 -5.938357e-01
-4.591446e+01 -3.939212e-01
-4.594878e+01 -1.962960e-01
-4.596021e+01 -3.931698e-04
-4.594891e+01 1.944860e-01
-4.591497e+01 3.890054e-01
-4.585838e+01 5.836345e-01
-4.577914e+01 7.784843e-01
-4.567723e+01 9.731355e-01
-4.555273e+01 1.166461e+00
-4.540591e+01 1.356460e+00
-4.523731e+01 1.540143e+00
-4.504790e+01 1.713519e+00
-4.483914e+01 1.871747e+00
-4.461312e+01 2.009512e+00
-4.437251e+01 2.121630e+00
-4.412055e+01 2.203818e+00
-4.386092e+01 2.253471e+00
-4.359743e+01 2.270249e+00
-4.333380e+01 2.256289e+00
-4.307339e+01 2.215972e+00
-4.281891e+01 2.155317e+00
-4.257235e+01 2.081170e+00
-4.233486e+01 2.000420e+00
-4.210684e+01 1.919373e+00
-4.188800e+01 1.843367e+00
-4.167751e+01 1.776622e+00
-4.147408e+01 1.722256e+00
-4.127616e+01 1.682394e+00
-4.108196e+01 1.658316e+00
-4.088961e+01 1.650594e+00
-4.069721e+01 1.659179e+00
-4.050290e+01 1.683443e+00
-4.030490e+01 1.722159e+00
-4.010164e+01 1.773430e+00
-3.989182e+01 1.834589e+00
-3.967447e+01 1.902100e+00
-3.944910e+01 1.971492e+00
-3.921581e+01 2.037405e+00
-3.897535e+01 2.093786e+00
-3.872918e+01 2.134278e+00
-3.847953e+01 2.152805e+00
-3.822926e+01 2.144251e+00
-3.798173e+01 2.105116e+00
-3.774062e+01 2.033961e+00
-3.750962e+01 1.931530e+00
-3.729224e+01 1.800499e+00
-3.709158e+01 1.644939e+00
-3.691021e+01 1.469645e+00
-3.675015e+01 1.279495e+00
-3.661286e+01 1.078959e+00
-3.649932e+01 8.718024e-01
-3.641013e+01 6.609806e-01
-3.634556e+01 4.486796e-01
-3.630571e+01 2.364507e-01
-3.629049e+01 2.539541e-02
-3.629972e+01 -1.836290e-01
-3.633311e+01 -3.898038e-01
-3.639029e+01 -5.921528e-01
-3.647072e+01 -7.893666e-01
-3.657371e+01 -9.796605e-01
-3.669833e+01 -1.160685e+00
-3.684334e+01 -1.329519e+00
-3.700712e+01 -1.482769e+00
-3.718765e+01 -1.616801e+00
-3.738249e+01 -1.728099e+00
-3.758880e+01 -1.813717e+00
-3.780349e+01 -1.871736e+00
-3.802328e+01 -1.901630e+00
-3.824496e+01 -1.904454e+00
-3.846552e+01 -1.882775e+00
-3.868230e+01 -1.840392e+00
-3.889317e+01 -1.781886e+00
-3.909653e+01 -1.712136e+00
-3.929135e+01 -1.635867e+00
-3.947713e+01 -1.557329e+00
-3.965381e+01 -1.480093e+00
-3.982172e+01 -1.406992e+00
-3.998147e+01 -1.340135e+00
-4.013388e+01 -1.280997e+00
-4.027991e+01 -1.230525e+00
-4.042060e+01 -1.189250e+00
-4.055703e+01 -1.157391e+00
-4.069030e+01 -1.134935e+00
-4.082150e+01 -1.121702e+00
-4.095168e+01 -1.117383e+00
-4.108185e+01 -1.121562e+00
-4.121299e+01 -1.133717e+00
-4.134597e+01 -1.153207e+00
-4.148160e+01 -1.179244e+00
-4.162061e+01 -1.210856e+00
-4.176355e+01 -1.246846e+00
-4.191087e+01 -1.285748e+00
-4.206281e+01 -1.325795e+00
-4.221936e+01 -1.364902e+00
-4.238030e+01 -1.400681e+00
-4.254509e+01 -1.430500e+00
-4.271286e+01 -1.451581e+00
-4.288244e+01 -1.461154e+00
-4.305234e+01 -1.456648e+00
-4.322078e+01 -1.435891e+00
-4.338579e+01 -1.397308e+00
-4.354523e+01 -1.340063e+00
-4.369691e+01 -1.264131e+00
-4.383871e+01 -1.170292e+00
-4.396861e+01 -1.060030e+00
-4.408483e+01 -9.353903e-01
-4.418583e+01 -7.987975e-01
-4.427036e+01 -6.528822e-01
-4.433750e+01 -5.003346e-01
-4.438664e+01 -3.438004e-01
-4.441745e+01 -1.858207e-01
-4.442992e+01 -2.881058e-02
-4.442428e+01 1.249351e-01
-4.440105e+01 2.732229e-01
-4.436099e+01 4.139418e-01
-4.430510e+01 5.450573e-01
-4.423460e+01 6.646246e-01
-4.415095e+01 7.708275e-01
-4.405580e+01 8.620398e-01
-4.395098e+01 9.369036e-01
-4.383845e+01 9.944116e-01
-4.372027e+01 1.033979e+00
-4.359853e+01 1.055488e+00
-4.347533e+01 1.059297e+00
-4.335268e+01 1.046208e+00
-4.323248e+01 1.017389e+00
-4.311648e+01 9.742754e-01
-4.300625e+01 9.184515e-01
-4.290317e+01 8.515334e-01
-4.280846e+01 7.750683e-01
-4.272312e+01 6.904552e-01
-4.264805e+01 5.988935e-01
-4.258399e+01 5.013586e-01
-4.253158e+01 3.986015e-01
-4.249141e+01 2.911678e-01
-4.246399e+01 1.794323e-01
-4.244981e+01 6.364485e-02
-4.244933e+01 -5.601608e-02
-4.246299e+01 -1.793820e-01
-4.249121e+01 -3.062277e-01
-4.253437e+01 -4.361995e-01
-4.259282e+01 -5.687402e-01
-4.266679e+01 -7.030122e-01
-4.275644e+01 -8.378280e-01
-4.286172e+01 -9.715930e-01
-4.298242e+01 -1.102279e+00
-4.311802e+01 -1.227439e+00
-4.326773e+01 -1.344291e+00
-4.343041e+01 -1.449869e+00
-4.360458e+01 -1.541253e+00
-4.378843e+01 -1.615859e+00
-4.397988e+01 -1.671746e+00
-4.417669e+01 -1.707887e+00
-4.437656e+01 -1.724355e+00
-4.457725e+01 -1.722366e+00
-4.477674e+01 -1.704181e+00
-4.497332e+01 -1.672885e+00
-4.516567e+01 -1.632085e+00
-4.535291e+01 -1.585597e+00
-4.553458e+01 -1.537168e+00
-4.571068e+01 -1.490265e+00
-4.588156e+01 -1.447953e+00
-4.604792e+01 -1.412837e+00
-4.621071e+01 -1.387072e+00
-4.637113e+01 -1.372409e+00
-4.653057e+01 -1.370250e+00
-4.669053e+01 -1.381711e+00
-4.685267e+01 -1.407665e+00
-4.701870e+01 -1.448760e+00
-4.719041e+01 -1.505397e+00
-4.736963e+01 -1.577664e+00
-4.755815e+01 -1.665210e+00
-4.775770e+01 -1.767060e+00
-4.796984e+01 -1.881373e+00
-4.819588e+01 -2.005168e+00
-4.843667e+01 -2.134060e+00
-4.869247e+01 -2.262111e+00
-4.896277e+01 -2.381899e+00
-4.924611e+01 -2.484940e+00
-4.954005e+01 -2.562536e+00
-4.984115e+01 -2.606968e+00
-5.014522e+01 -2.612801e+00
-5.044759e+01 -2.577913e+00
-5.074360e+01 -2.503893e+00
-5.102895e+01 -2.395653e+00
-5.130005e+01 -2.260397e+00
-5.155423e+01 -2.106315e+00
-5.178979e+01 -1.941361e+00
-5.200586e+01 -1.772397e+00
-5.220230e+01 -1.604752e+00
-5.237950e+01 -1.442153e+00
-5.253819e+01 -1.286879e+00
-5.267930e+01 -1.140043e+00
-5.280382e+01 -1.001878e+00
-5.291277e+01 -8.720148e-01
-5.300704e+01 -7.496904e-01
-5.308748e+01 -6.339162e-01
-5.315477e+01 -5.235902e-01
-5.320949e+01 -4.175724e-01
-5.325207e+01 -3.147301e-01
-5.328281e+01 -2.139619e-01
-5.330190e+01 -1.142065e-01
-5.330939e+01 -1.444166e-02
-5.330522e+01 8.632288e-02
-5.328923e+01 1.890547e-01
-5.326112e+01 2.947083e-01
-5.322049e+01 4.042311e-01
-5.316686e+01 5.185622e-01
-5.309960e+01 6.386211e-01
-5.301799e+01 7.652778e-01
-5.292122e+01 8.992998e-01
-5.280840e+01 1.041266e+00
-5.267859e+01 1.191438e+00
-5.253083e+01 1.349584e+00
-5.236425e+01 1.514750e+00
-5.217814e+01 1.684997e+00
-5.197206e+01 1.857135e+00
-5.174607e+01 2.026521e+00
-5.150081e+01 2.187044e+00
-5.123775e+01 2.331392e+00
-5.095921e+01 2.451715e+00
-5.066842e+01 2.540680e+00
-5.036940e+01 2.592728e+00
-5.006661e+01 2.605221e+00
-4.976464e+01 2.579104e+00
-4.946775e+01 2.518821e+00
-4.917953e+01 2.431527e+00
-4.890262e+01 2.325862e+00
-4.863865e+01 2.210672e+00
-4.838823e+01 2.093996e+00
-4.815115e+01 1.982458e+00
-4.792650e+01 1.881043e+00
-4.771288e+01 1.793166e+00
-4.750860e+01 1.720879e+00
-4.731177e+01 1.665147e+00
-4.712046e+01 1.626081e+00
-4.693274e+01 1.603138e+00
-4.674681e+01 1.595239e+00
-4.656099e+01 1.600836e+00
-4.637383e+01 1.617921e+00
-4.618413e+01 1.644015e+00
-4.599102e+01 1.676134e+00
-4.579398e+01 1.710787e+00
-4.559295e+01 1.744011e+00
-4.538835e+01 1.771485e+00
-4.518111e+01 1.788733e+00
-4.497266e+01 1.791416e+00
-4.476494e+01 1.775686e+00
-4.456027e+01 1.738542e+00
-4.436127e+01 1.678129e+00
-4.417068e+01 1.593899e+00
-4.399125e+01 1.486607e+00
-4.382555e+01 1.358145e+00
-4.367591e+01 1.211254e+00
-4.354427e+01 1.049181e+00
-4.343221e+01 8.753571e-01
-4.334089e+01 6.931433e-01
-4.327111e+01 5.056640e-01
-4.322331e+01 3.157381e-01
-4.319763e+01 1.258859e-01
-4.319392e+01 -6.161022e-02
-4.321179e+01 -2.446167e-01
-4.325059e+01 -4.210539e-01
-4.330944e+01 -5.888169e-01
-4.338720e+01 -7.457278e-01
-4.348247e+01 -8.895350e-01
-4.359361e+01 -1.017967e+00
-4.371868e+01 -1.128839e+00
-4.385554e+01 -1.220208e+00
-4.400182e+01 -1.290552e+00
-4.415501e+01 -1.338934e+00
-4.431254e+01 -1.365130e+00
-4.447185e+01 -1.369684e+00
-4.463049e+01 -1.353866e+00
-4.478619e+01 -1.319560e+00
-4.493694e+01 -1.269075e+00
-4.508099e+01 -1.204935e+00
-4.521691e+01 -1.129671e+00
-4.534354e+01 -1.045642e+00
-4.545998e+01 -9.549112e-01
-4.556556e+01 -8.591665e-01
-4.565978e+01 -7.596915e-01
-4.574224e+01 -6.573744e-01
-4.581266e+01 -5.527407e-01
-4.587079e+01 -4.460028e-01
-4.591637e+01 -3.371148e-01
-4.594915e+01 -2.258304e-01
-4.596882e+01 -1.117586e-01
-4.597503e+01 5.581200e-03
-4.596737e+01 1.267055e-01
-4.594537e+01 2.521101e-01
-4.590852e+01 3.822084e-01
-4.585624e+01 5.172611e-01
-4.578795e+01 6.572932e-01
-4.570310e+01 8.019981e-01
-4.560117e+01 9.506281e-01
-4.548177e+01 1.101881e+00
-4.534472e+01 1.253796e+00
-4.519008e+01 1.403685e+00
-4.501828e+01 1.548129e+00
-4.483018e+01 1.683094e+00
-4.462714e+01 1.804185e+00
-4.441104e+01 1.907047e+00
-4.418421e+01 1.987897e+00
-4.394939e+01 2.044085e+00
-4.370953e+01 2.074566e+00
-4.346758e+01 2.080165e+00
-4.322631e+01 2.063557e+00
-4.298807e+01 2.028960e+00
-4.275465e+01 1.981634e+00
-4.252720e+01 1.927305e+00
-4.230620e+01 1.871638e+00
-4.209149e+01 1.819845e+00
-4.188237e+01 1.776447e+00
-4.167763e+01 1.745181e+00
-4.147566e+01 1.729008e+00
-4.127459e+01 1.730173e+00
-4.107230e+01 1.750264e+00
-4.086652e+01 1.790246e+00
-4.065491e+01 1.850428e+00
-4.043514e+01 1.930347e+00
-4.020498e+01 2.028569e+00
-3.996246e+01 2.142412e+00
-3.970598e+01 2.267625e+00
-3.943455e+01 2.398137e+00
-3.914801e+01 2.525997e+00
-3.884719e+01 2.641688e+00
-3.853413e+01 2.734962e+00
-3.821199e+01 2.796186e+00
-3.788496e+01 2.817988e+00
-3.755789e+01 2.796716e+00
-3.723578e+01 2.733204e+00
-3.692329e+01 2.632532e+00
-3.662429e+01 2.502884e+00
-3.634159e+01 2.353913e+00
-3.607688e+01 2.195175e+00
-3.583080e+01 2.034979e+00
-3.560312e+01 1.879806e+00
-3.539298e+01 1.734193e+00
-3.519908e+01 1.600939e+00
-3.501989e+01 1.481445e+00
-3.485378e+01 1.376088e+00
-3.469912e+01 1.284544e+00
-3.455435e+01 1.206055e+00
-3.441799e+01 1.139613e+00
-3.428872e+01 1.084097e+00
-3.416533e+01 1.038351e+00
-3.404675e+01 1.001235e+00
-3.393204e+01 9.716504e-01
-3.382039e+01 9.485470e-01
-3.371109e+01 9.309212e-01
-3.360358e+01 9.178096e-01
-3.349737e+01 9.082803e-01
-3.339211e+01 9.014238e-01
-3.328753e+01 8.963469e-01
-3.318348e+01 8.921695e-01
-3.307991e+01 8.880265e-01
-3.297686e+01 8.830744e-01
-3.287447e+01 8.765032e-01
-3.277298e+01 8.675536e-01
-3.267270e+01 8.555372e-01
-3.257403e+01 8.398599e-01
-3.247742e+01 8.200452e-01
-3.238337e+01 7.957559e-01
-3.229242e+01 7.668115e-01
-3.220511e+01 7.332000e-01
-3.212197e+01 6.950822e-01
-3.204352e+01 6.527873e-01
-3.197021e+01 6.068018e-01
-3.190243e+01 5.577506e-01
-3.184050e+01 5.063731e-01
-3.178465e+01 4.534955e-01
-3.173499e+01 4.000020e-01
-3.169155e+01 3.468055e-01
-3.165424e+01 2.948205e-01
-3.162286e+01 2.449381e-01
-3.159713e+01 1.980045e-01
-3.157664e+01 1.548023e-01
-3.156093e+01 1.160355e-01
-3.154944e+01 8.231732e-02
-3.154156e+01 5.416092e-02
-3.153661e+01 3.197255e-02
-3.153387e+01 1.604707e-02
-3.153262e+01 6.565408e-03
-3.153209e+01 3.594149e-03
-3.153153e+01 7.086750e-03
-3.153020e+01 1.688649e-02
-3.152737e+01 3.273090e-02
-3.152236e+01 5.425748e-02
-3.151454e+01 8.101071e-02
-3.150333e+01 1.124500e-01
-3.148821e+01 1.479587e-01
-3.146877e+01 1.868541e-01
-3.144463e+01 2.283984e-01
-3.141554e+01 2.718114e-01
-3.138133e+01 3.162833e-01
-3.134193e+01 3.609905e-01
-3.129735e+01 4.051119e-01
-3.124771e+01 4.478465e-01
-3.119322e+01 4.884325e-01
-3.113416e+01 5.261657e-01
-3.107091e+01 5.604183e-01
-3.100390e+01 5.906548e-01
-3.093363e+01 6.164459e-01
-3.086063e+01 6.374772e-01
-3.078547e+01 6.535539e-01
-3.070874e+01 6.645993e-01
-3.063101e+01 6.706476e-01
-3.055286e+01 6.718324e-01
-3.047484e+01 6.683698e-01
-3.039749e+01 6.605389e-01
-3.032129e+01 6.486614e-01
-3.024668e+01 6.330793e-01
-3.017409e+01 6.141357e-01
-3.010389e+01 5.921559e-01
-3.003640e+01 5.674326e-01
-2.997194e+01 5.402132e-01
-2.991077e+01 5.106915e-01
-2.985318e+01 4.790015e-01
-2.979939e+01 4.452145e-01
-2.974965e+01 4.093386e-01
-2.970421e+01 3.713199e-01
-2.966333e+01 3.310458e-01
-2.962727e+01 2.883484e-01
-2.959633e+01 2.430104e-01
-2.957083e+01 1.947708e-01
-2.955113e+01 1.433318e-01
-2.953761e+01 8.836724e-02
-2.953071e+01 2.953140e-02
-2.953090e+01 -3.352925e-02
-2.953869e+01 -1.011625e-01
-2.955464e+01 -1.736933e-01
-2.957931e+01 -2.514023e-01
-2.961335e+01 -3.344995e-01
-2.965737e+01 -4.230907e-01
-2.971202e+01 -5.171374e-01
-2.977792e+01 -6.164089e-01
-2.985565e+01 -7.204273e-01
-2.994572e+01 -8.284091e-01
-3.004854e+01 -9.392071e-01
-3.016433e+01 -1.051263e+00
-3.029315e+01 -1.162582e+00
-3.043476e+01 -1.270746e+00
-3.058863e+01 -1.372984e+00
-3.075392e+01 -1.466304e+00
-3.092940e+01 -1.547709e+00
-3.111352e+01 -1.614460e+00
-3.130444e+01 -1.664374e+00
-3.150013e+01 -1.696098e+00
-3.169843e+01 -1.709310e+00
-3.189721e+01 -1.704794e+00
-3.209453e+01 -1.684386e+00
-3.228868e+01 -1.650783e+00
-3.247830e+01 -1.607277e+00
-3.266246e+01 -1.557447e+00
-3.284063e+01 -1.504888e+00
-3.301269e+01 -1.452983e+00
-3.317890e+01 -1.404762e+00
-3.333984e+01 -1.362831e+00
-3.349637e+01 -1.329365e+00
-3.364959e+01 -1.306143e+00
-3.380078e+01 -1.294602e+00
-3.395136e+01 -1.295910e+00
-3.410289e+01 -1.311023e+00
-3.425701e+01 -1.340726e+00
-3.441548e+01 -1.385655e+00
-3.458008e+01 -1.446273e+00
-3.475266e+01 -1.522808e+00
-3.493507e+01 -1.615137e+00
-3.512911e+01 -1.722597e+00
-3.533647e+01 -1.843745e+00
-3.555860e+01 -1.976053e+00
-3.579660e+01 -2.115605e+00
-3.605099e+01 -2.256855e+00
-3.632158e+01 -2.392588e+00
-3.660723e+01 -2.514217e+00
-3.690576e+01 -2.612542e+00
-3.721395e+01 -2.678958e+00
-3.752768e+01 -2.706902e+00
-3.784225e+01 -2.693145e+00
-3.815282e+01 -2.638484e+00
-3.845485e+01 -2.547560e+00
-3.874454e+01 -2.427880e+00
-3.901907e+01 -2.288391e+00
-3.927666e+01 -2.138062e+00
-3.951651e+01 -1.984820e+00
-3.973868e+01 -1.834967e+00
-3.994384e+01 -1.693030e+00
-4.013309e+01 -1.561905e+00
-4.030779e+01 -1.443148e+00
-4.046942e+01 -1.337313e+00
-4.061949e+01 -1.244253e+00
-4.075945e+01 -1.163370e+00
-4.089066e+01 -1.093804e+00
-4.101439e+01 -1.034566e+00
-4.113177e+01 -9.846255e-01
-4.124384e+01 -9.429651e-01
-4.135150e+01 -9.086103e-01
-4.145553e+01 -8.806436e-01
-4.155664e+01 -8.582077e-01
-4.165543e+01 -8.405021e-01
-4.175239e+01 -8.267756e-01
-4.184796e+01 -8.163180e-01
-4.194246e+01 -8.084512e-01
-4.203617e+01 -8.025217e-01
-4.212926e+01 -7.978953e-01
-4.222187e+01 -7.939540e-01
-4.231403e+01 -7.900955e-01
-4.240572e+01 -7.857372e-01
-4.249684e+01 -7.803220e-01
-4.258724e+01 -7.733280e-01
-4.267672e+01 -7.642804e-01
-4.276500e+01 -7.527645e-01
-4.285179e+01 -7.384406e-01
-4.293673e+01 -7.210569e-01
-4.301946e+01 -7.004620e-01
-4.309961e+01 -6.766134e-01
-4.317679e+01 -6.495827e-01
-4.325065e+01 -6.195559e-01
-4.332086e+01 -5.868293e-01
-4.338713e+01 -5.518008e-01
-4.344920e+01 -5.149561e-01
-4.350691e+01 -4.768533e-01
-4.356015e+01 -4.381041e-01
-4.360886e+01 -3.993539e-01
-4.365311e+01 -3.612623e-01
-4.369299e+01 -3.244839e-01
-4.372869e+01 -2.896505e-01
-4.376049e+01 -2.573554e-01
-4.378870e+01 -2.281397e-01
-4.381372e+01 -2.024807e-01
-4.383597e+01 -1.807826e-01
-4.385595e+01 -1.633700e-01
-4.387417e+01 -1.504822e-01
-4.389115e+01 -1.422706e-01
-4.390746e+01 -1.387973e-01
-4.392364e+01 -1.400354e-01
-4.394023e+01 -1.458706e-01
-4.395775e+01 -1.561050e-01
-4.397671e+01 -1.704609e-01
-4.399757e+01 -1.885872e-01
-4.402073e+01 -2.100662e-01
-4.404656e+01 -2.344217e-01
-4.407537e+01 -2.611281e-01
-4.410740e+01 -2.896212e-01
-4.414282e+01 -3.193093e-01
-4.418173e+01 -3.495850e-01
-4.422417e+01 -3.798391e-01
-4.427010e+01 -4.094732e-01
-4.431941e+01 -4.379132e-01
-4.437194e+01 -4.646228e-01
-4.442745e+01 -4.891152e-01
-4.448566e+01 -5.109634e-01
-4.454624e+01 -5.298090e-01
-4.460882e+01 -5.453675e-01
-4.467301e+01 -5.574305e-01
-4.473840e+01 -5.658659e-01
-4.480455e+01 -5.706130e-01
-4.487105e+01 -5.716760e-01
-4.493745e+01 -5.691143e-01
-4.500335e+01 -5.630315e-01
-4.506834e+01 -5.535623e-01
-4.513204e+01 -5.408598e-01
-4.519409e+01 -5.250828e-01
-4.525412e+01 -5.063838e-01
-4.531182e+01 -4.848984e-01
-4.536686e+01 -4.607369e-01
-4.541894e+01 -4.339768e-01
-4.546775e+01 -4.046577e-01
-4.551300e+01 -3.727786e-01
-4.555440e+01 -3.382958e-01
-4.559163e+01 -3.011233e-01
-4.562436e+01 -2.611345e-01
-4.565228e+01 -2.181651e-01
-4.567501e+01 -1.720179e-01
-4.569218e+01 -1.224684e-01
-4.570337e+01 -6.927261e-02
-4.570815e+01 -1.217656e-02
-4.570604e+01 4.907212e-02
-4.569656e+01 1.147096e-01
-4.567917e+01 1.849378e-01
-4.565334e+01 2.599027e-01
-4.561850e+01 3.396677e-01
-4.557411e+01 4.241818e-01
-4.551961e+01 5.132430e-01
-4.545451e+01 6.064569e-01
-4.537835e+01 7.031930e-01
-4.529077e+01 8.025416e-01
-4.519153e+01 9.032774e-01
-4.508057e+01 1.003838e+00
-4.495801e+01 1.102327e+00
-4.482421e+01 1.196554e+00
-4.467982e+01 1.284118e+00
-4.452574e+01 1.362542e+00
-4.436319e+01 1.429456e+00
-4.419362e+01 1.482809e+00
-4.401871e+01 1.521079e+00
-4.384026e+01 1.543454e+00
-4.366014e+01 1.549951e+00
-4.348016e+01 1.541434e+00
-4.330196e+01 1.519543e+00
-4.312697e+01 1.486536e+00
-4.295635e+01 1.445088e+00
-4.279090e+01 1.398065e+00
-4.263111e+01 1.348324e+00
-4.247713e+01 1.298552e+00
-4.232883e+01 1.251160e+00
-4.218580e+01 1.208229e+00
-4.204742e+01 1.171503e+00
-4.191289e+01 1.142404e+00
-4.178123e+01 1.122088e+00
-4.165139e+01 1.111487e+00
-4.152217e+01 1.111372e+00
-4.139233e+01 1.122399e+00
-4.126052e+01 1.145149e+00
-4.112536e+01 1.180149e+00
-4.098540e+01 1.227881e+00
-4.083911e+01 1.288758e+00
-4.068497e+01 1.363071e+00
-4.052139e+01 1.450897e+00
-4.034681e+01 1.551959e+00
-4.015975e+01 1.665429e+00
-3.995883e+01 1.789687e+00
-3.974295e+01 1.922043e+00
-3.951139e+01 2.058478e+00
-3.926398e+01 2.193473e+00
-3.900127e+01 2.320053e+00
-3.872471e+01 2.430157e+00
-3.843671e+01 2.515403e+00
-3.814061e+01 2.568223e+00
-3.784054e+01 2.583116e+00
-3.754106e+01 2.557696e+00
-3.724685e+01 2.493164e+00
-3.696222e+01 2.394028e+00
-3.669082e+01 2.267179e+00
-3.643539e+01 2.120636e+00
-3.619778e+01 1.962338e+00
-3.597892e+01 1.799254e+00
-3.577904e+01 1.636901e+00
-3.559781e+01 1.479218e+00
-3.543453e+01 1.328698e+00
-3.528828e+01 1.186640e+00
-3.515804e+01 1.053438e+00
-3.504280e+01 9.288488e-01
-3.494158e+01 8.122130e-01
-3.485351e+01 7.026248e-01
-3.477784e+01 5.990528e-01
-3.471392e+01 5.004212e-01
-3.466124e+01 4.056615e-01
-3.461941e+01 3.137402e-01
-3.458815e+01 2.236723e-01
-3.456732e+01 1.345226e-01
-3.455685e+01 4.540037e-02
-3.455679e+01 -4.455058e-02
-3.456728e+01 -1.361643e-01
-3.458857e+01 -2.302655e-01
-3.462099e+01 -3.276804e-01
-3.466498e+01 -4.292450e-01
-3.472108e+01 -5.358057e-01
-3.478990e+01 -6.482104e-01
-3.487218e+01 -7.672840e-01
-3.496874e+01 -8.937822e-01
-3.508049e+01 -1.028316e+00
-3.520837e+01 -1.171235e+00
-3.535337e+01 -1.322469e+00
-3.551642e+01 -1.481311e+00
-3.569832e+01 -1.646164e+00
-3.589962e+01 -1.814270e+00
-3.612049e+01 -1.981475e+00
-3.636048e+01 -2.142133e+00
-3.661846e+01 -2.289265e+00
-3.689239e+01 -2.415081e+00
-3.717935e+01 -2.511898e+00
-3.747556e+01 -2.573359e+00
-3.777667e+01 -2.595652e+00
-3.807806e+01 -2.578368e+00
-3.837527e+01 -2.524686e+00
-3.866441e+01 -2.440812e+00
-3.894242e+01 -2.334866e+00
-3.920724e+01 -2.215595e+00
-3.945781e+01 -2.091248e+00
-3.969397e+01 -1.968831e+00
-3.991627e+01 -1.853771e+00
-4.012580e+01 -1.749894e+00
-4.032402e+01 -1.659614e+00
-4.051259e+01 -1.584202e+00
-4.069327e+01 -1.524050e+00
-4.086783e+01 -1.478914e+00
-4.103798e+01 -1.448077e+00
-4.120533e+01 -1.430472e+00
-4.137133e+01 -1.424741e+00
-4.153728e+01 -1.429258e+00
-4.170426e+01 -1.442125e+00
-4.187311e+01 -1.461155e+00
-4.204443e+01 -1.483853e+00
-4.221846e+01 -1.507422e+00
-4.239513e+01 -1.528800e+00
-4.257401e+01 -1.544743e+00
-4.275427e+01 -1.551961e+00
-4.293471e+01 -1.547310e+00
-4.311378e+01 -1.528005e+00
-4.328964e+01 -1.491846e+00
-4.346024e+01 -1.437402e+00
-4.362341e+01 -1.364127e+00
-4.377697e+01 -1.272384e+00
-4.391883e+01 -1.163376e+00
-4.404710e+01 -1.038992e+00
-4.416011e+01 -9.016170e-01
-4.425652e+01 -7.539283e-01
-4.433527e+01 -5.987137e-01
-4.439566e+01 -4.387367e-01
-4.443729e+01 -2.766518e-01
-4.446005e+01 -1.149665e-01
-4.446415e+01 4.395908e-02
-4.445002e+01 1.978922e-01
-4.441837e+01 3.447000e-01
-4.437016e+01 4.823305e-01
-4.430656e+01 6.088103e-01
-4.422899e+01 7.222688e-01
-4.413905e+01 8.209866e-01
-4.403856e+01 9.034679e-01
-4.392948e+01 9.685232e-01
-4.381389e+01 1.015351e+00
-4.369392e+01 1.043599e+00
-4.357175e+01 1.053395e+00
-4.344948e+01 1.045337e+00
-4.332914e+01 1.020434e+00
-4.321261e+01 9.800196e-01
-4.310162e+01 9.256382e-01
-4.299769e+01 8.589265e-01
